path: all/yuyin_8_7200.tt
path: all/yuyin_8_7200.tt
buckets_f: [{1, 43}, {46, 96}, {94, 33, 206, 86, 15, 45, 60, 230}, {61, 201, 235, 242, 150, 225, 254, 64, 175, 85, 252, 49, 74, 214, 63, 83, 186, 182, 131, 17}, {82, 157, 164, 245, 28, 140, 247, 69, 211, 71, 192, 151, 9, 62, 75, 5, 109, 166, 149, 226, 56, 114, 37, 11, 7, 172, 241, 213, 35, 39, 170, 179, 73, 58}, {123, 141, 250, 119, 72, 143, 233, 91, 197, 102, 53, 184, 70, 113, 171, 246, 190, 14, 12, 207, 188, 178, 176, 115, 78, 180, 239, 148, 23, 237, 76, 205, 216, 231, 42, 163, 139, 98, 165, 8, 44, 127, 161, 212, 87, 57, 125, 133, 27, 104}, {181, 224, 52, 132, 219, 142, 80, 54, 120, 217, 243, 112, 232, 136, 30, 234, 105, 194, 162, 99, 198, 191, 3, 22, 153, 84, 145, 79, 130, 174, 20, 249, 50, 122, 111, 155, 126, 183, 223, 101, 159, 177, 236, 134, 67, 251, 103, 202, 196, 209}, {29, 193, 32, 10, 106, 229, 89, 135, 93, 208, 81, 117, 220, 21, 38, 244, 156, 51, 2, 100, 158, 4, 137, 68, 199, 95, 195, 248, 19, 210, 55, 108, 59, 129, 34, 240, 222, 154, 25, 40, 146, 169, 227, 167, 110, 121, 218, 173, 31, 144}, {24, 116, 97, 118, 160, 185, 88, 90, 18, 255, 41, 65, 124, 221, 168, 47, 77, 147, 187, 189, 204, 48, 92, 215, 238, 13, 128, 26}, {203, 36, 6, 152}, {138, 228, 200, 253, 107, 16}, {66}, {0}]
buckets_g: [{1, 43}, {96, 46}, {86, 60, 33, 230, 94, 206, 15, 45}, {254, 242, 85, 252, 214, 83, 61, 235, 175, 131, 182, 186, 150, 17, 63, 225, 74, 64, 201, 49}, {213, 151, 62, 166, 226, 170, 56, 35, 140, 157, 149, 9, 69, 37, 58, 28, 245, 172, 114, 82, 247, 192, 11, 73, 5, 179, 39, 7, 241, 75, 109, 71, 211, 164}, {91, 104, 141, 102, 123, 239, 76, 113, 165, 180, 250, 44, 216, 171, 207, 161, 139, 176, 212, 12, 233, 231, 163, 115, 190, 148, 42, 178, 119, 143, 14, 246, 8, 188, 205, 53, 133, 72, 87, 125, 23, 197, 237, 57, 184, 98, 78, 27, 127, 70}, {223, 198, 52, 136, 30, 99, 159, 67, 50, 22, 130, 251, 112, 196, 209, 111, 142, 234, 20, 162, 183, 177, 202, 80, 232, 122, 219, 174, 155, 126, 3, 79, 134, 101, 249, 181, 243, 103, 153, 84, 105, 217, 132, 194, 54, 145, 224, 120, 236, 191}, {21, 40, 240, 218, 100, 129, 137, 38, 167, 110, 117, 32, 108, 208, 10, 95, 229, 31, 156, 59, 34, 25, 244, 4, 81, 2, 199, 154, 169, 55, 210, 248, 193, 93, 146, 195, 68, 89, 220, 144, 51, 29, 135, 19, 222, 121, 106, 173, 227, 158}, {41, 204, 147, 238, 97, 189, 187, 124, 92, 77, 128, 215, 65, 88, 47, 48, 26, 221, 18, 116, 90, 185, 24, 13, 160, 255, 168, 118}, {36, 152, 6, 203}, {253, 200, 138, 107, 16, 228}, {66}, {0}]
indices_f: [12, 0, 7, 6, 7, 4, 9, 4, 5, 4, 7, 4, 5, 8, 5, 2, 10, 3, 8, 7, 6, 7, 6, 5, 8, 7, 8, 5, 4, 7, 6, 7, 7, 2, 7, 4, 9, 4, 7, 4, 7, 8, 5, 0, 5, 2, 1, 8, 8, 3, 6, 7, 6, 5, 6, 7, 4, 5, 4, 7, 2, 3, 4, 3, 3, 8, 11, 6, 7, 4, 5, 4, 5, 4, 3, 4, 5, 8, 5, 6, 6, 7, 4, 3, 6, 3, 2, 5, 8, 7, 8, 5, 8, 7, 2, 7, 1, 8, 5, 6, 7, 6, 5, 6, 5, 6, 7, 10, 7, 4, 7, 6, 6, 5, 4, 5, 8, 7, 8, 5, 6, 7, 6, 5, 8, 5, 6, 5, 8, 7, 6, 3, 6, 5, 6, 7, 6, 7, 10, 5, 4, 5, 6, 5, 7, 6, 7, 8, 5, 4, 3, 4, 9, 6, 7, 6, 7, 4, 7, 6, 8, 5, 6, 5, 4, 5, 4, 7, 8, 7, 4, 5, 4, 7, 6, 3, 5, 6, 5, 4, 5, 6, 3, 6, 5, 8, 3, 8, 5, 8, 5, 6, 4, 7, 6, 7, 6, 5, 6, 7, 10, 3, 6, 9, 8, 5, 2, 5, 7, 6, 7, 4, 5, 4, 3, 8, 5, 6, 7, 6, 7, 8, 7, 6, 6, 3, 4, 7, 10, 7, 2, 5, 6, 5, 6, 3, 6, 5, 8, 5, 7, 4, 3, 6, 7, 4, 5, 4, 7, 6, 5, 6, 3, 10, 3, 8]
indices_g: [12, 0, 7, 6, 7, 4, 9, 4, 5, 4, 7, 4, 5, 8, 5, 2, 10, 3, 8, 7, 6, 7, 6, 5, 8, 7, 8, 5, 4, 7, 6, 7, 7, 2, 7, 4, 9, 4, 7, 4, 7, 8, 5, 0, 5, 2, 1, 8, 8, 3, 6, 7, 6, 5, 6, 7, 4, 5, 4, 7, 2, 3, 4, 3, 3, 8, 11, 6, 7, 4, 5, 4, 5, 4, 3, 4, 5, 8, 5, 6, 6, 7, 4, 3, 6, 3, 2, 5, 8, 7, 8, 5, 8, 7, 2, 7, 1, 8, 5, 6, 7, 6, 5, 6, 5, 6, 7, 10, 7, 4, 7, 6, 6, 5, 4, 5, 8, 7, 8, 5, 6, 7, 6, 5, 8, 5, 6, 5, 8, 7, 6, 3, 6, 5, 6, 7, 6, 7, 10, 5, 4, 5, 6, 5, 7, 6, 7, 8, 5, 4, 3, 4, 9, 6, 7, 6, 7, 4, 7, 6, 8, 5, 6, 5, 4, 5, 4, 7, 8, 7, 4, 5, 4, 7, 6, 3, 5, 6, 5, 4, 5, 6, 3, 6, 5, 8, 3, 8, 5, 8, 5, 6, 4, 7, 6, 7, 6, 5, 6, 7, 10, 3, 6, 9, 8, 5, 2, 5, 7, 6, 7, 4, 5, 4, 3, 8, 5, 6, 7, 6, 7, 8, 7, 6, 6, 3, 4, 7, 10, 7, 2, 5, 6, 5, 6, 3, 6, 5, 8, 5, 7, 4, 3, 6, 7, 4, 5, 4, 7, 6, 5, 6, 3, 10, 3, 8]
buckets are valid
L1: [0, 1, 2, 3, 4, 5, 6, 7, 8, 9, 10, 11, 12, 13, 14, 15, 16, 17, 18, 19, 20, 21, 22, 23, 24, 25, 26, 27, 28, 29, 30, 31, 32, 33, 34, 35, 36, 37, 38, 39, 40, 41, 42, 43, 44, 45, 46, 47, 48, 49, 50, 51, 52, 53, 54, 55, 56, 57, 58, 59, 60, 61, 62, 63, 64, 65, 66, 67, 68, 69, 70, 71, 72, 73, 74, 75, 76, 77, 78, 79, 80, 81, 82, 83, 84, 85, 86, 87, 88, 89, 90, 91, 92, 93, 94, 95, 96, 97, 98, 99, 100, 101, 102, 103, 104, 105, 106, 107, 108, 109, 110, 111, 112, 113, 114, 115, 116, 117, 118, 119, 120, 121, 122, 123, 124, 125, 126, 127, 128, 129, 130, 131, 132, 133, 134, 135, 136, 137, 138, 139, 140, 141, 142, 143, 144, 145, 146, 147, 148, 149, 150, 151, 152, 153, 154, 155, 156, 157, 158, 159, 160, 161, 162, 163, 164, 165, 166, 167, 168, 169, 170, 171, 172, 173, 174, 175, 176, 177, 178, 179, 180, 181, 182, 183, 184, 185, 186, 187, 188, 189, 190, 191, 192, 193, 194, 195, 196, 197, 198, 199, 200, 201, 202, 203, 204, 205, 206, 207, 208, 209, 210, 211, 212, 213, 214, 215, 216, 217, 218, 219, 220, 221, 222, 223, 224, 225, 226, 227, 228, 229, 230, 231, 232, 233, 234, 235, 236, 237, 238, 239, 240, 241, 242, 243, 244, 245, 246, 247, 248, 249, 250, 251, 252, 253, 254, 255]
L2: [0, 1, 2, 3, 4, 5, 6, 7, 8, 9, 10, 11, 12, 13, 14, 15, 16, 17, 18, 19, 20, 21, 22, 23, 24, 25, 26, 27, 28, 29, 30, 31, 32, 33, 34, 35, 36, 37, 38, 39, 40, 41, 42, 43, 44, 45, 46, 47, 48, 49, 50, 51, 52, 53, 54, 55, 56, 57, 58, 59, 60, 61, 62, 63, 64, 65, 66, 67, 68, 69, 70, 71, 72, 73, 74, 75, 76, 77, 78, 79, 80, 81, 82, 83, 84, 85, 86, 87, 88, 89, 90, 91, 92, 93, 94, 95, 96, 97, 98, 99, 100, 101, 102, 103, 104, 105, 106, 107, 108, 109, 110, 111, 112, 113, 114, 115, 116, 117, 118, 119, 120, 121, 122, 123, 124, 125, 126, 127, 128, 129, 130, 131, 132, 133, 134, 135, 136, 137, 138, 139, 140, 141, 142, 143, 144, 145, 146, 147, 148, 149, 150, 151, 152, 153, 154, 155, 156, 157, 158, 159, 160, 161, 162, 163, 164, 165, 166, 167, 168, 169, 170, 171, 172, 173, 174, 175, 176, 177, 178, 179, 180, 181, 182, 183, 184, 185, 186, 187, 188, 189, 190, 191, 192, 193, 194, 195, 196, 197, 198, 199, 200, 201, 202, 203, 204, 205, 206, 207, 208, 209, 210, 211, 212, 213, 214, 215, 216, 217, 218, 219, 220, 221, 222, 223, 224, 225, 226, 227, 228, 229, 230, 231, 232, 233, 234, 235, 236, 237, 238, 239, 240, 241, 242, 243, 244, 245, 246, 247, 248, 249, 250, 251, 252, 253, 254, 255]
A: [0, 0, 0, 0, 0, 0, 0, 0, 0, 0, 0, 0, 0, 0, 0, 0, 0, 0, 0, 0, 0, 0, 0, 0, 0, 0, 0, 0, 0, 0, 0, 0, 0, 0, 0, 0, 0, 0, 0, 0, 0, 0, 0, 0, 0, 0, 0, 0, 0, 0, 0, 0, 0, 0, 0, 0, 0, 0, 0, 0, 0, 0, 0, 0, 0, 0, 0, 0, 0, 0, 0, 0, 0, 0, 0, 0, 0, 0, 0, 0, 0, 0, 0, 0, 0, 0, 0, 0, 0, 0, 0, 0, 0, 0, 0, 0, 0, 0, 0, 0, 0, 0, 0, 0, 0, 0, 0, 0, 0, 0, 0, 0, 0, 0, 0, 0, 0, 0, 0, 0, 0, 0, 0, 0, 0, 0, 0, 0, 0, 0, 0, 0, 0, 0, 0, 0, 0, 0, 0, 0, 0, 0, 0, 0, 0, 0, 0, 0, 0, 0, 0, 0, 0, 0, 0, 0, 0, 0, 0, 0, 0, 0, 0, 0, 0, 0, 0, 0, 0, 0, 0, 0, 0, 0, 0, 0, 0, 0, 0, 0, 0, 0, 0, 0, 0, 0, 0, 0, 0, 0, 0, 0, 0, 0, 0, 0, 0, 0, 0, 0, 0, 0, 0, 0, 0, 0, 0, 0, 0, 0, 0, 0, 0, 0, 0, 0, 0, 0, 0, 0, 0, 0, 0, 0, 0, 0, 0, 0, 0, 0, 0, 0, 0, 0, 0, 0, 0, 0, 0, 0, 0, 0, 0, 0, 0, 0, 0, 0, 0, 0, 0, 0, 0, 0, 0, 0]


