path: all/yuyin_8_2427.tt
path: all/yuyin_8_2427.tt
buckets_f: [{161}, {28, 148, 105}, {72, 241, 38, 173, 146, 132}, {114, 171, 64, 73, 36, 254, 153, 198, 249, 134, 250, 165, 71, 54, 49}, {6, 156, 181, 25, 87, 238, 11, 155, 89, 201, 20, 182, 224, 152, 102, 62, 150, 126, 115, 149, 231, 187, 242, 196, 209, 248, 220, 51, 122, 135, 75, 44, 40, 138, 107, 76, 70, 94, 184, 98, 177, 65, 108, 29, 83, 66, 26, 111}, {96, 77, 215, 247, 60, 133, 113, 86, 129, 27, 74, 204, 235, 168, 189, 7, 221, 151, 13, 144, 243, 14, 123, 85, 120, 236, 50, 68, 229, 186, 82, 9, 127, 166, 59, 41, 46, 24, 18, 253, 39, 139, 78, 130, 99, 56, 197, 239}, {195, 163, 191, 223, 93, 192, 213, 216, 174, 5, 30, 125, 164, 214, 205, 233, 112, 80, 159, 199, 55, 43, 8, 69, 252, 101, 219, 178, 15, 48, 141, 57, 206, 12, 2, 169, 131, 228, 202, 142, 61, 19, 52, 160, 210, 128, 1, 104}, {218, 91, 136, 230, 42, 63, 118, 208, 95, 225, 183, 190, 3, 31, 53, 240, 88, 176, 117, 162, 154, 193, 4, 32, 140, 147, 217, 10, 110, 226, 157, 35, 194, 81, 67, 109, 17, 22, 232, 21, 100, 143, 180, 106, 200}, {84, 47, 79, 16, 251, 145, 116, 245, 23, 227, 237, 34, 121, 167, 37, 90, 97, 255, 246, 119, 170, 188, 234, 33}, {179, 211, 203, 212, 92, 175, 158, 103, 172, 207, 45, 185, 244}, {137, 58}, {124, 222}, {0}]
buckets_g: [{161}, {105, 148, 28}, {173, 146, 72, 38, 132, 241}, {64, 250, 254, 49, 198, 171, 73, 165, 71, 54, 249, 134, 36, 153, 114}, {29, 20, 152, 70, 177, 187, 231, 209, 6, 65, 248, 87, 94, 155, 102, 138, 75, 149, 11, 150, 26, 122, 201, 62, 25, 182, 196, 181, 238, 111, 83, 89, 115, 40, 156, 135, 126, 51, 98, 108, 76, 242, 107, 220, 66, 184, 44, 224}, {77, 151, 78, 113, 129, 7, 9, 168, 74, 14, 46, 86, 27, 68, 144, 215, 96, 60, 229, 166, 123, 197, 204, 239, 221, 243, 133, 253, 120, 24, 56, 235, 18, 99, 41, 127, 13, 50, 59, 130, 236, 85, 247, 189, 39, 186, 82, 139}, {160, 223, 125, 206, 55, 205, 219, 199, 43, 174, 12, 1, 141, 214, 169, 104, 159, 15, 195, 210, 178, 93, 48, 57, 131, 192, 252, 69, 202, 142, 2, 52, 19, 80, 164, 8, 163, 228, 5, 30, 216, 61, 213, 191, 112, 128, 101, 233}, {42, 53, 4, 180, 106, 218, 157, 81, 117, 35, 109, 118, 193, 230, 95, 225, 91, 147, 154, 10, 200, 100, 67, 240, 226, 183, 232, 162, 63, 22, 136, 31, 194, 140, 110, 88, 176, 143, 21, 190, 3, 217, 17, 32, 208}, {246, 237, 188, 23, 255, 37, 84, 170, 234, 116, 121, 16, 90, 79, 119, 47, 145, 227, 34, 251, 97, 245, 167, 33}, {179, 185, 172, 92, 244, 212, 45, 103, 211, 175, 203, 207, 158}, {58, 137}, {222, 124}, {0}]
indices_f: [12, 6, 6, 7, 7, 6, 4, 5, 6, 5, 7, 4, 6, 5, 5, 6, 8, 7, 5, 6, 4, 7, 7, 8, 5, 4, 4, 5, 1, 4, 6, 7, 7, 8, 8, 7, 3, 8, 2, 5, 4, 5, 7, 6, 4, 9, 5, 8, 6, 3, 5, 4, 6, 7, 3, 6, 5, 6, 10, 5, 5, 6, 4, 7, 3, 4, 4, 7, 5, 6, 4, 3, 2, 3, 5, 4, 4, 5, 5, 8, 6, 7, 5, 4, 8, 5, 5, 4, 7, 4, 8, 7, 9, 6, 4, 7, 5, 8, 4, 5, 7, 6, 4, 9, 6, 1, 7, 4, 4, 7, 7, 4, 6, 5, 3, 4, 8, 7, 7, 8, 5, 8, 4, 5, 11, 6, 4, 5, 6, 5, 5, 6, 2, 5, 3, 4, 7, 10, 4, 5, 7, 6, 6, 7, 5, 8, 2, 7, 1, 4, 4, 5, 4, 3, 7, 4, 4, 7, 9, 6, 6, 0, 7, 6, 6, 3, 5, 8, 5, 6, 8, 3, 9, 2, 6, 9, 7, 4, 6, 9, 7, 4, 4, 7, 4, 9, 5, 4, 8, 5, 7, 6, 6, 7, 7, 6, 4, 5, 3, 6, 7, 4, 6, 9, 5, 6, 6, 9, 7, 4, 6, 9, 9, 6, 6, 5, 6, 7, 7, 6, 4, 5, 11, 6, 4, 7, 7, 8, 6, 5, 7, 4, 7, 6, 8, 5, 5, 8, 4, 5, 7, 2, 4, 5, 9, 8, 8, 5, 4, 3, 3, 8, 6, 5, 3, 8]
indices_g: [12, 6, 6, 7, 7, 6, 4, 5, 6, 5, 7, 4, 6, 5, 5, 6, 8, 7, 5, 6, 4, 7, 7, 8, 5, 4, 4, 5, 1, 4, 6, 7, 7, 8, 8, 7, 3, 8, 2, 5, 4, 5, 7, 6, 4, 9, 5, 8, 6, 3, 5, 4, 6, 7, 3, 6, 5, 6, 10, 5, 5, 6, 4, 7, 3, 4, 4, 7, 5, 6, 4, 3, 2, 3, 5, 4, 4, 5, 5, 8, 6, 7, 5, 4, 8, 5, 5, 4, 7, 4, 8, 7, 9, 6, 4, 7, 5, 8, 4, 5, 7, 6, 4, 9, 6, 1, 7, 4, 4, 7, 7, 4, 6, 5, 3, 4, 8, 7, 7, 8, 5, 8, 4, 5, 11, 6, 4, 5, 6, 5, 5, 6, 2, 5, 3, 4, 7, 10, 4, 5, 7, 6, 6, 7, 5, 8, 2, 7, 1, 4, 4, 5, 4, 3, 7, 4, 4, 7, 9, 6, 6, 0, 7, 6, 6, 3, 5, 8, 5, 6, 8, 3, 9, 2, 6, 9, 7, 4, 6, 9, 7, 4, 4, 7, 4, 9, 5, 4, 8, 5, 7, 6, 6, 7, 7, 6, 4, 5, 3, 6, 7, 4, 6, 9, 5, 6, 6, 9, 7, 4, 6, 9, 9, 6, 6, 5, 6, 7, 7, 6, 4, 5, 11, 6, 4, 7, 7, 8, 6, 5, 7, 4, 7, 6, 8, 5, 5, 8, 4, 5, 7, 2, 4, 5, 9, 8, 8, 5, 4, 3, 3, 8, 6, 5, 3, 8]
buckets are valid
L1: [0, 1, 2, 3, 4, 5, 6, 7, 8, 9, 10, 11, 12, 13, 14, 15, 16, 17, 18, 19, 20, 21, 22, 23, 24, 25, 26, 27, 28, 29, 30, 31, 32, 33, 34, 35, 36, 37, 38, 39, 40, 41, 42, 43, 44, 45, 46, 47, 48, 49, 50, 51, 52, 53, 54, 55, 56, 57, 58, 59, 60, 61, 62, 63, 64, 65, 66, 67, 68, 69, 70, 71, 72, 73, 74, 75, 76, 77, 78, 79, 80, 81, 82, 83, 84, 85, 86, 87, 88, 89, 90, 91, 92, 93, 94, 95, 96, 97, 98, 99, 100, 101, 102, 103, 104, 105, 106, 107, 108, 109, 110, 111, 112, 113, 114, 115, 116, 117, 118, 119, 120, 121, 122, 123, 124, 125, 126, 127, 128, 129, 130, 131, 132, 133, 134, 135, 136, 137, 138, 139, 140, 141, 142, 143, 144, 145, 146, 147, 148, 149, 150, 151, 152, 153, 154, 155, 156, 157, 158, 159, 160, 161, 162, 163, 164, 165, 166, 167, 168, 169, 170, 171, 172, 173, 174, 175, 176, 177, 178, 179, 180, 181, 182, 183, 184, 185, 186, 187, 188, 189, 190, 191, 192, 193, 194, 195, 196, 197, 198, 199, 200, 201, 202, 203, 204, 205, 206, 207, 208, 209, 210, 211, 212, 213, 214, 215, 216, 217, 218, 219, 220, 221, 222, 223, 224, 225, 226, 227, 228, 229, 230, 231, 232, 233, 234, 235, 236, 237, 238, 239, 240, 241, 242, 243, 244, 245, 246, 247, 248, 249, 250, 251, 252, 253, 254, 255]
L2: [0, 1, 2, 3, 4, 5, 6, 7, 8, 9, 10, 11, 12, 13, 14, 15, 16, 17, 18, 19, 20, 21, 22, 23, 24, 25, 26, 27, 28, 29, 30, 31, 32, 33, 34, 35, 36, 37, 38, 39, 40, 41, 42, 43, 44, 45, 46, 47, 48, 49, 50, 51, 52, 53, 54, 55, 56, 57, 58, 59, 60, 61, 62, 63, 64, 65, 66, 67, 68, 69, 70, 71, 72, 73, 74, 75, 76, 77, 78, 79, 80, 81, 82, 83, 84, 85, 86, 87, 88, 89, 90, 91, 92, 93, 94, 95, 96, 97, 98, 99, 100, 101, 102, 103, 104, 105, 106, 107, 108, 109, 110, 111, 112, 113, 114, 115, 116, 117, 118, 119, 120, 121, 122, 123, 124, 125, 126, 127, 128, 129, 130, 131, 132, 133, 134, 135, 136, 137, 138, 139, 140, 141, 142, 143, 144, 145, 146, 147, 148, 149, 150, 151, 152, 153, 154, 155, 156, 157, 158, 159, 160, 161, 162, 163, 164, 165, 166, 167, 168, 169, 170, 171, 172, 173, 174, 175, 176, 177, 178, 179, 180, 181, 182, 183, 184, 185, 186, 187, 188, 189, 190, 191, 192, 193, 194, 195, 196, 197, 198, 199, 200, 201, 202, 203, 204, 205, 206, 207, 208, 209, 210, 211, 212, 213, 214, 215, 216, 217, 218, 219, 220, 221, 222, 223, 224, 225, 226, 227, 228, 229, 230, 231, 232, 233, 234, 235, 236, 237, 238, 239, 240, 241, 242, 243, 244, 245, 246, 247, 248, 249, 250, 251, 252, 253, 254, 255]
A: [0, 0, 0, 0, 0, 0, 0, 0, 0, 0, 0, 0, 0, 0, 0, 0, 0, 0, 0, 0, 0, 0, 0, 0, 0, 0, 0, 0, 0, 0, 0, 0, 0, 0, 0, 0, 0, 0, 0, 0, 0, 0, 0, 0, 0, 0, 0, 0, 0, 0, 0, 0, 0, 0, 0, 0, 0, 0, 0, 0, 0, 0, 0, 0, 0, 0, 0, 0, 0, 0, 0, 0, 0, 0, 0, 0, 0, 0, 0, 0, 0, 0, 0, 0, 0, 0, 0, 0, 0, 0, 0, 0, 0, 0, 0, 0, 0, 0, 0, 0, 0, 0, 0, 0, 0, 0, 0, 0, 0, 0, 0, 0, 0, 0, 0, 0, 0, 0, 0, 0, 0, 0, 0, 0, 0, 0, 0, 0, 0, 0, 0, 0, 0, 0, 0, 0, 0, 0, 0, 0, 0, 0, 0, 0, 0, 0, 0, 0, 0, 0, 0, 0, 0, 0, 0, 0, 0, 0, 0, 0, 0, 0, 0, 0, 0, 0, 0, 0, 0, 0, 0, 0, 0, 0, 0, 0, 0, 0, 0, 0, 0, 0, 0, 0, 0, 0, 0, 0, 0, 0, 0, 0, 0, 0, 0, 0, 0, 0, 0, 0, 0, 0, 0, 0, 0, 0, 0, 0, 0, 0, 0, 0, 0, 0, 0, 0, 0, 0, 0, 0, 0, 0, 0, 0, 0, 0, 0, 0, 0, 0, 0, 0, 0, 0, 0, 0, 0, 0, 0, 0, 0, 0, 0, 0, 0, 0, 0, 0, 0, 0, 0, 0, 0, 0, 0, 0]


