path: all/yuyin2_1377.tt
path: all/yuyin2_1377.tt
buckets_f: [{234, 155, 103, 111, 36, 177, 48}, {112, 132, 201, 209, 186, 144, 3, 88, 243, 168, 37, 78, 184, 217, 128, 5, 72}, {181, 83, 165, 79, 44, 125, 121, 232, 123, 192, 254, 69, 159, 18, 196, 252, 67, 212, 87, 85, 38}, {245, 190, 221, 231, 130, 134, 170, 227, 59, 203, 35, 61, 100, 249, 57, 1, 19, 76, 7, 74, 174, 17, 23, 223, 47, 15, 110, 188, 41, 21}, {133, 248, 135, 105, 65, 30, 210, 40, 179, 28, 143, 194, 73, 71, 149, 153, 163, 238, 246, 50, 62, 26, 12, 167, 54, 91, 208, 117, 52, 250, 131, 24, 129, 16, 34, 220, 202, 10, 58, 139, 95, 198}, {51, 70, 92, 241, 25, 45, 138, 96, 82, 251, 102, 68, 39, 219, 90, 116, 140, 197, 142, 114, 136, 215, 172, 11, 106, 104, 180, 43, 225, 178, 9, 229, 253, 199, 29, 193, 86, 55, 118, 152, 205, 94}, {141, 224, 236, 189, 171, 32, 46, 107, 127, 97, 222, 2, 119, 14, 60, 109, 151, 216, 214, 173, 8, 169, 145, 175, 115, 99, 93, 187, 157, 89, 81, 226, 183, 244, 137, 161, 230, 22, 77, 56, 228, 242}, {213, 148, 164, 63, 98, 255, 233, 27, 247, 237, 64, 182, 126, 207, 84, 150, 33, 154, 166, 176, 31, 53, 211, 162, 80, 235, 156, 239, 49, 66, 160, 13}, {42, 204, 185, 75, 20, 113, 6, 4, 200, 191, 206, 101, 218, 240, 147}, {158, 195, 124, 146, 120}, {108, 122}, {0}]
buckets_g: [{103, 234, 48, 36, 177, 155, 111}, {209, 168, 3, 243, 184, 128, 144, 72, 37, 112, 132, 5, 88, 78, 217, 201, 186}, {85, 79, 165, 212, 159, 69, 196, 83, 232, 121, 18, 123, 38, 192, 252, 87, 67, 125, 254, 181, 44}, {130, 190, 231, 245, 7, 249, 23, 1, 203, 19, 76, 21, 41, 35, 221, 47, 100, 188, 57, 223, 15, 170, 134, 74, 227, 174, 61, 59, 110, 17}, {139, 194, 210, 26, 30, 12, 238, 73, 10, 248, 117, 28, 163, 143, 202, 246, 52, 105, 91, 54, 135, 149, 71, 179, 50, 62, 167, 198, 95, 153, 131, 220, 40, 24, 250, 16, 65, 133, 34, 208, 58, 129}, {102, 82, 92, 253, 96, 118, 25, 51, 39, 68, 241, 136, 178, 106, 142, 180, 172, 86, 116, 43, 11, 225, 104, 138, 90, 215, 199, 45, 205, 251, 9, 55, 70, 229, 140, 29, 193, 152, 197, 219, 94, 114}, {127, 81, 236, 115, 151, 22, 32, 183, 77, 214, 14, 141, 109, 46, 8, 145, 107, 89, 169, 97, 2, 137, 216, 173, 161, 242, 56, 175, 226, 93, 224, 99, 189, 157, 222, 244, 187, 228, 230, 60, 119, 171}, {33, 213, 84, 233, 166, 247, 27, 13, 53, 160, 235, 66, 182, 150, 31, 211, 80, 162, 126, 255, 98, 63, 64, 156, 207, 237, 148, 176, 164, 49, 154, 239}, {191, 4, 113, 206, 200, 101, 218, 185, 240, 42, 204, 6, 75, 20, 147}, {124, 158, 146, 120, 195}, {108, 122}, {0}]
indices_f: [11, 3, 6, 1, 8, 1, 8, 3, 6, 5, 4, 5, 4, 7, 6, 3, 4, 3, 2, 3, 8, 3, 6, 3, 4, 5, 4, 7, 4, 5, 4, 7, 6, 7, 4, 3, 0, 1, 2, 5, 4, 3, 8, 5, 2, 5, 6, 3, 0, 7, 4, 5, 4, 7, 4, 5, 6, 3, 4, 3, 6, 3, 4, 7, 7, 4, 7, 2, 5, 2, 5, 4, 1, 4, 3, 8, 3, 6, 1, 2, 7, 6, 5, 2, 7, 2, 5, 2, 1, 6, 5, 4, 5, 6, 5, 4, 5, 6, 7, 6, 3, 8, 5, 0, 5, 4, 5, 6, 10, 6, 3, 0, 1, 8, 5, 6, 5, 4, 5, 6, 9, 2, 10, 2, 9, 2, 7, 6, 1, 4, 3, 4, 1, 4, 3, 4, 5, 6, 5, 4, 5, 6, 5, 4, 1, 6, 9, 8, 7, 4, 7, 6, 5, 4, 7, 0, 7, 6, 9, 2, 7, 6, 7, 4, 7, 2, 7, 4, 1, 6, 3, 6, 5, 6, 3, 6, 7, 0, 5, 4, 5, 2, 7, 6, 1, 8, 1, 6, 3, 6, 3, 8, 2, 5, 4, 9, 2, 5, 4, 5, 8, 1, 4, 3, 8, 5, 8, 7, 4, 1, 4, 7, 2, 7, 6, 5, 6, 1, 8, 5, 4, 3, 6, 3, 6, 5, 6, 3, 6, 5, 6, 3, 2, 7, 0, 7, 6, 7, 4, 7, 8, 5, 6, 1, 6, 3, 4, 7, 4, 3, 4, 5, 2, 5, 2, 7]
indices_g: [11, 3, 6, 1, 8, 1, 8, 3, 6, 5, 4, 5, 4, 7, 6, 3, 4, 3, 2, 3, 8, 3, 6, 3, 4, 5, 4, 7, 4, 5, 4, 7, 6, 7, 4, 3, 0, 1, 2, 5, 4, 3, 8, 5, 2, 5, 6, 3, 0, 7, 4, 5, 4, 7, 4, 5, 6, 3, 4, 3, 6, 3, 4, 7, 7, 4, 7, 2, 5, 2, 5, 4, 1, 4, 3, 8, 3, 6, 1, 2, 7, 6, 5, 2, 7, 2, 5, 2, 1, 6, 5, 4, 5, 6, 5, 4, 5, 6, 7, 6, 3, 8, 5, 0, 5, 4, 5, 6, 10, 6, 3, 0, 1, 8, 5, 6, 5, 4, 5, 6, 9, 2, 10, 2, 9, 2, 7, 6, 1, 4, 3, 4, 1, 4, 3, 4, 5, 6, 5, 4, 5, 6, 5, 4, 1, 6, 9, 8, 7, 4, 7, 6, 5, 4, 7, 0, 7, 6, 9, 2, 7, 6, 7, 4, 7, 2, 7, 4, 1, 6, 3, 6, 5, 6, 3, 6, 7, 0, 5, 4, 5, 2, 7, 6, 1, 8, 1, 6, 3, 6, 3, 8, 2, 5, 4, 9, 2, 5, 4, 5, 8, 1, 4, 3, 8, 5, 8, 7, 4, 1, 4, 7, 2, 7, 6, 5, 6, 1, 8, 5, 4, 3, 6, 3, 6, 5, 6, 3, 6, 5, 6, 3, 2, 7, 0, 7, 6, 7, 4, 7, 8, 5, 6, 1, 6, 3, 4, 7, 4, 3, 4, 5, 2, 5, 2, 7]
buckets are valid
L1: [0, 1, 2, 3, 4, 5, 6, 7, 8, 9, 10, 11, 12, 13, 14, 15, 16, 17, 18, 19, 20, 21, 22, 23, 24, 25, 26, 27, 28, 29, 30, 31, 32, 33, 34, 35, 36, 37, 38, 39, 40, 41, 42, 43, 44, 45, 46, 47, 48, 49, 50, 51, 52, 53, 54, 55, 56, 57, 58, 59, 60, 61, 62, 63, 64, 65, 66, 67, 68, 69, 70, 71, 72, 73, 74, 75, 76, 77, 78, 79, 80, 81, 82, 83, 84, 85, 86, 87, 88, 89, 90, 91, 92, 93, 94, 95, 96, 97, 98, 99, 100, 101, 102, 103, 104, 105, 106, 107, 108, 109, 110, 111, 112, 113, 114, 115, 116, 117, 118, 119, 120, 121, 122, 123, 124, 125, 126, 127, 128, 129, 130, 131, 132, 133, 134, 135, 136, 137, 138, 139, 140, 141, 142, 143, 144, 145, 146, 147, 148, 149, 150, 151, 152, 153, 154, 155, 156, 157, 158, 159, 160, 161, 162, 163, 164, 165, 166, 167, 168, 169, 170, 171, 172, 173, 174, 175, 176, 177, 178, 179, 180, 181, 182, 183, 184, 185, 186, 187, 188, 189, 190, 191, 192, 193, 194, 195, 196, 197, 198, 199, 200, 201, 202, 203, 204, 205, 206, 207, 208, 209, 210, 211, 212, 213, 214, 215, 216, 217, 218, 219, 220, 221, 222, 223, 224, 225, 226, 227, 228, 229, 230, 231, 232, 233, 234, 235, 236, 237, 238, 239, 240, 241, 242, 243, 244, 245, 246, 247, 248, 249, 250, 251, 252, 253, 254, 255]
L2: [0, 1, 2, 3, 4, 5, 6, 7, 8, 9, 10, 11, 12, 13, 14, 15, 16, 17, 18, 19, 20, 21, 22, 23, 24, 25, 26, 27, 28, 29, 30, 31, 32, 33, 34, 35, 36, 37, 38, 39, 40, 41, 42, 43, 44, 45, 46, 47, 48, 49, 50, 51, 52, 53, 54, 55, 56, 57, 58, 59, 60, 61, 62, 63, 64, 65, 66, 67, 68, 69, 70, 71, 72, 73, 74, 75, 76, 77, 78, 79, 80, 81, 82, 83, 84, 85, 86, 87, 88, 89, 90, 91, 92, 93, 94, 95, 96, 97, 98, 99, 100, 101, 102, 103, 104, 105, 106, 107, 108, 109, 110, 111, 112, 113, 114, 115, 116, 117, 118, 119, 120, 121, 122, 123, 124, 125, 126, 127, 128, 129, 130, 131, 132, 133, 134, 135, 136, 137, 138, 139, 140, 141, 142, 143, 144, 145, 146, 147, 148, 149, 150, 151, 152, 153, 154, 155, 156, 157, 158, 159, 160, 161, 162, 163, 164, 165, 166, 167, 168, 169, 170, 171, 172, 173, 174, 175, 176, 177, 178, 179, 180, 181, 182, 183, 184, 185, 186, 187, 188, 189, 190, 191, 192, 193, 194, 195, 196, 197, 198, 199, 200, 201, 202, 203, 204, 205, 206, 207, 208, 209, 210, 211, 212, 213, 214, 215, 216, 217, 218, 219, 220, 221, 222, 223, 224, 225, 226, 227, 228, 229, 230, 231, 232, 233, 234, 235, 236, 237, 238, 239, 240, 241, 242, 243, 244, 245, 246, 247, 248, 249, 250, 251, 252, 253, 254, 255]
A: [0, 0, 0, 0, 0, 0, 0, 0, 0, 0, 0, 0, 0, 0, 0, 0, 0, 0, 0, 0, 0, 0, 0, 0, 0, 0, 0, 0, 0, 0, 0, 0, 0, 0, 0, 0, 0, 0, 0, 0, 0, 0, 0, 0, 0, 0, 0, 0, 0, 0, 0, 0, 0, 0, 0, 0, 0, 0, 0, 0, 0, 0, 0, 0, 0, 0, 0, 0, 0, 0, 0, 0, 0, 0, 0, 0, 0, 0, 0, 0, 0, 0, 0, 0, 0, 0, 0, 0, 0, 0, 0, 0, 0, 0, 0, 0, 0, 0, 0, 0, 0, 0, 0, 0, 0, 0, 0, 0, 0, 0, 0, 0, 0, 0, 0, 0, 0, 0, 0, 0, 0, 0, 0, 0, 0, 0, 0, 0, 0, 0, 0, 0, 0, 0, 0, 0, 0, 0, 0, 0, 0, 0, 0, 0, 0, 0, 0, 0, 0, 0, 0, 0, 0, 0, 0, 0, 0, 0, 0, 0, 0, 0, 0, 0, 0, 0, 0, 0, 0, 0, 0, 0, 0, 0, 0, 0, 0, 0, 0, 0, 0, 0, 0, 0, 0, 0, 0, 0, 0, 0, 0, 0, 0, 0, 0, 0, 0, 0, 0, 0, 0, 0, 0, 0, 0, 0, 0, 0, 0, 0, 0, 0, 0, 0, 0, 0, 0, 0, 0, 0, 0, 0, 0, 0, 0, 0, 0, 0, 0, 0, 0, 0, 0, 0, 0, 0, 0, 0, 0, 0, 0, 0, 0, 0, 0, 0, 0, 0, 0, 0, 0, 0, 0, 0, 0, 0]


