path: all/yuyin_8_4931.tt
path: all/yuyin_8_4931.tt
buckets_f: [{48}, {81, 212}, {1, 155, 5, 134, 120, 126, 30}, {74, 85, 222, 89, 17, 127, 38, 143, 68, 12, 63, 173, 49, 76, 59, 225, 121, 31, 66, 133, 254, 91, 2, 193}, {160, 56, 226, 183, 221, 179, 147, 84, 124, 153, 105, 177, 77, 26, 136, 204, 18, 145, 114, 111, 33, 7, 109, 219, 9, 215, 90, 187, 234, 232, 243, 200, 28, 47, 41, 65, 164, 24}, {227, 95, 239, 163, 29, 207, 210, 184, 8, 21, 104, 98, 125, 137, 195, 242, 235, 6, 240, 216, 19, 51, 233, 42, 180, 129, 169, 148, 199, 146, 190, 246, 25, 36, 27, 139, 250, 175, 141, 102, 115, 110, 61, 70, 197, 188}, {132, 80, 162, 228, 224, 174, 130, 116, 159, 170, 112, 213, 73, 15, 142, 253, 107, 185, 122, 43, 71, 37, 211, 118, 206, 94, 230, 196, 245, 13, 16, 249, 151, 191, 217, 209, 157, 11, 236, 255, 60, 50, 198, 181, 168, 189}, {10, 231, 244, 32, 182, 203, 123, 57, 214, 135, 161, 220, 201, 106, 113, 78, 117, 44, 119, 150, 229, 46, 93, 131, 34, 252, 100, 87, 83, 248, 178, 4, 53, 14, 156, 167, 237, 55, 205, 154, 176, 186, 40, 165, 158, 218}, {172, 62, 75, 69, 251, 58, 99, 128, 86, 149, 82, 247, 20, 140, 192, 45, 54, 79, 223, 166, 202, 103, 67, 88, 92, 35, 238, 22, 97, 39, 52, 138, 241}, {171, 96, 108, 72, 23, 208, 152, 144}, {101, 3, 194}, {64}, {0}]
buckets_g: [{48}, {81, 212}, {134, 5, 155, 126, 1, 120, 30}, {49, 173, 89, 68, 59, 133, 222, 2, 127, 12, 38, 66, 121, 85, 74, 193, 17, 225, 143, 31, 63, 91, 254, 76}, {232, 177, 84, 179, 56, 219, 105, 153, 147, 18, 164, 215, 26, 90, 24, 226, 136, 47, 183, 9, 160, 41, 65, 145, 243, 77, 124, 7, 114, 187, 111, 221, 200, 33, 28, 234, 109, 204}, {27, 104, 42, 235, 51, 25, 146, 242, 141, 21, 197, 163, 137, 110, 240, 6, 210, 148, 175, 98, 190, 115, 184, 61, 233, 129, 70, 102, 246, 195, 169, 216, 139, 29, 19, 250, 36, 95, 227, 207, 8, 188, 239, 125, 199, 180}, {228, 249, 213, 80, 236, 11, 196, 191, 151, 181, 43, 174, 189, 37, 253, 73, 16, 132, 94, 142, 198, 60, 162, 15, 168, 230, 159, 50, 112, 13, 255, 122, 118, 130, 245, 224, 185, 217, 206, 107, 170, 209, 71, 211, 157, 116}, {220, 53, 93, 150, 231, 154, 229, 117, 55, 123, 244, 32, 176, 119, 248, 14, 252, 186, 131, 237, 40, 167, 87, 201, 205, 203, 100, 165, 44, 113, 78, 46, 106, 83, 214, 34, 10, 218, 135, 4, 182, 158, 57, 178, 156, 161}, {247, 251, 241, 35, 67, 20, 138, 223, 140, 192, 88, 39, 99, 75, 92, 97, 52, 62, 54, 166, 69, 238, 128, 149, 103, 45, 202, 86, 22, 79, 172, 82, 58}, {152, 171, 208, 96, 108, 23, 72, 144}, {194, 3, 101}, {64}, {0}]
indices_f: [12, 2, 3, 10, 7, 2, 5, 4, 5, 4, 7, 6, 3, 6, 7, 6, 6, 3, 4, 5, 8, 5, 8, 9, 4, 5, 4, 5, 4, 5, 2, 3, 7, 4, 7, 8, 5, 6, 3, 8, 7, 4, 5, 6, 7, 8, 7, 4, 0, 3, 6, 5, 8, 7, 8, 7, 4, 7, 8, 3, 6, 5, 8, 3, 11, 4, 3, 8, 3, 8, 5, 6, 9, 6, 3, 8, 3, 4, 7, 8, 6, 1, 8, 7, 4, 3, 8, 7, 8, 3, 4, 3, 8, 7, 6, 5, 9, 8, 5, 8, 7, 10, 5, 8, 5, 4, 7, 6, 9, 4, 5, 4, 6, 7, 4, 5, 6, 7, 6, 7, 2, 3, 6, 7, 4, 5, 2, 3, 8, 5, 6, 7, 6, 3, 2, 7, 4, 5, 8, 5, 8, 5, 6, 3, 9, 4, 5, 4, 5, 8, 7, 6, 9, 4, 7, 2, 7, 6, 7, 6, 4, 7, 6, 5, 4, 7, 8, 7, 6, 5, 6, 9, 8, 3, 6, 5, 7, 4, 7, 4, 5, 6, 7, 4, 5, 6, 7, 4, 5, 6, 5, 6, 8, 3, 10, 5, 6, 5, 6, 5, 4, 7, 8, 7, 4, 7, 6, 5, 9, 6, 5, 6, 1, 6, 7, 4, 5, 6, 7, 4, 7, 4, 3, 8, 6, 3, 4, 5, 6, 7, 6, 7, 4, 5, 4, 5, 6, 7, 8, 5, 5, 8, 5, 4, 7, 6, 5, 8, 7, 6, 5, 8, 7, 6, 3, 6]
indices_g: [12, 2, 3, 10, 7, 2, 5, 4, 5, 4, 7, 6, 3, 6, 7, 6, 6, 3, 4, 5, 8, 5, 8, 9, 4, 5, 4, 5, 4, 5, 2, 3, 7, 4, 7, 8, 5, 6, 3, 8, 7, 4, 5, 6, 7, 8, 7, 4, 0, 3, 6, 5, 8, 7, 8, 7, 4, 7, 8, 3, 6, 5, 8, 3, 11, 4, 3, 8, 3, 8, 5, 6, 9, 6, 3, 8, 3, 4, 7, 8, 6, 1, 8, 7, 4, 3, 8, 7, 8, 3, 4, 3, 8, 7, 6, 5, 9, 8, 5, 8, 7, 10, 5, 8, 5, 4, 7, 6, 9, 4, 5, 4, 6, 7, 4, 5, 6, 7, 6, 7, 2, 3, 6, 7, 4, 5, 2, 3, 8, 5, 6, 7, 6, 3, 2, 7, 4, 5, 8, 5, 8, 5, 6, 3, 9, 4, 5, 4, 5, 8, 7, 6, 9, 4, 7, 2, 7, 6, 7, 6, 4, 7, 6, 5, 4, 7, 8, 7, 6, 5, 6, 9, 8, 3, 6, 5, 7, 4, 7, 4, 5, 6, 7, 4, 5, 6, 7, 4, 5, 6, 5, 6, 8, 3, 10, 5, 6, 5, 6, 5, 4, 7, 8, 7, 4, 7, 6, 5, 9, 6, 5, 6, 1, 6, 7, 4, 5, 6, 7, 4, 7, 4, 3, 8, 6, 3, 4, 5, 6, 7, 6, 7, 4, 5, 4, 5, 6, 7, 8, 5, 5, 8, 5, 4, 7, 6, 5, 8, 7, 6, 5, 8, 7, 6, 3, 6]
buckets are valid
L1: [0, 1, 2, 3, 4, 5, 6, 7, 8, 9, 10, 11, 12, 13, 14, 15, 16, 17, 18, 19, 20, 21, 22, 23, 24, 25, 26, 27, 28, 29, 30, 31, 32, 33, 34, 35, 36, 37, 38, 39, 40, 41, 42, 43, 44, 45, 46, 47, 48, 49, 50, 51, 52, 53, 54, 55, 56, 57, 58, 59, 60, 61, 62, 63, 64, 65, 66, 67, 68, 69, 70, 71, 72, 73, 74, 75, 76, 77, 78, 79, 80, 81, 82, 83, 84, 85, 86, 87, 88, 89, 90, 91, 92, 93, 94, 95, 96, 97, 98, 99, 100, 101, 102, 103, 104, 105, 106, 107, 108, 109, 110, 111, 112, 113, 114, 115, 116, 117, 118, 119, 120, 121, 122, 123, 124, 125, 126, 127, 128, 129, 130, 131, 132, 133, 134, 135, 136, 137, 138, 139, 140, 141, 142, 143, 144, 145, 146, 147, 148, 149, 150, 151, 152, 153, 154, 155, 156, 157, 158, 159, 160, 161, 162, 163, 164, 165, 166, 167, 168, 169, 170, 171, 172, 173, 174, 175, 176, 177, 178, 179, 180, 181, 182, 183, 184, 185, 186, 187, 188, 189, 190, 191, 192, 193, 194, 195, 196, 197, 198, 199, 200, 201, 202, 203, 204, 205, 206, 207, 208, 209, 210, 211, 212, 213, 214, 215, 216, 217, 218, 219, 220, 221, 222, 223, 224, 225, 226, 227, 228, 229, 230, 231, 232, 233, 234, 235, 236, 237, 238, 239, 240, 241, 242, 243, 244, 245, 246, 247, 248, 249, 250, 251, 252, 253, 254, 255]
L2: [0, 1, 2, 3, 4, 5, 6, 7, 8, 9, 10, 11, 12, 13, 14, 15, 16, 17, 18, 19, 20, 21, 22, 23, 24, 25, 26, 27, 28, 29, 30, 31, 32, 33, 34, 35, 36, 37, 38, 39, 40, 41, 42, 43, 44, 45, 46, 47, 48, 49, 50, 51, 52, 53, 54, 55, 56, 57, 58, 59, 60, 61, 62, 63, 64, 65, 66, 67, 68, 69, 70, 71, 72, 73, 74, 75, 76, 77, 78, 79, 80, 81, 82, 83, 84, 85, 86, 87, 88, 89, 90, 91, 92, 93, 94, 95, 96, 97, 98, 99, 100, 101, 102, 103, 104, 105, 106, 107, 108, 109, 110, 111, 112, 113, 114, 115, 116, 117, 118, 119, 120, 121, 122, 123, 124, 125, 126, 127, 128, 129, 130, 131, 132, 133, 134, 135, 136, 137, 138, 139, 140, 141, 142, 143, 144, 145, 146, 147, 148, 149, 150, 151, 152, 153, 154, 155, 156, 157, 158, 159, 160, 161, 162, 163, 164, 165, 166, 167, 168, 169, 170, 171, 172, 173, 174, 175, 176, 177, 178, 179, 180, 181, 182, 183, 184, 185, 186, 187, 188, 189, 190, 191, 192, 193, 194, 195, 196, 197, 198, 199, 200, 201, 202, 203, 204, 205, 206, 207, 208, 209, 210, 211, 212, 213, 214, 215, 216, 217, 218, 219, 220, 221, 222, 223, 224, 225, 226, 227, 228, 229, 230, 231, 232, 233, 234, 235, 236, 237, 238, 239, 240, 241, 242, 243, 244, 245, 246, 247, 248, 249, 250, 251, 252, 253, 254, 255]
A: [0, 0, 0, 0, 0, 0, 0, 0, 0, 0, 0, 0, 0, 0, 0, 0, 0, 0, 0, 0, 0, 0, 0, 0, 0, 0, 0, 0, 0, 0, 0, 0, 0, 0, 0, 0, 0, 0, 0, 0, 0, 0, 0, 0, 0, 0, 0, 0, 0, 0, 0, 0, 0, 0, 0, 0, 0, 0, 0, 0, 0, 0, 0, 0, 0, 0, 0, 0, 0, 0, 0, 0, 0, 0, 0, 0, 0, 0, 0, 0, 0, 0, 0, 0, 0, 0, 0, 0, 0, 0, 0, 0, 0, 0, 0, 0, 0, 0, 0, 0, 0, 0, 0, 0, 0, 0, 0, 0, 0, 0, 0, 0, 0, 0, 0, 0, 0, 0, 0, 0, 0, 0, 0, 0, 0, 0, 0, 0, 0, 0, 0, 0, 0, 0, 0, 0, 0, 0, 0, 0, 0, 0, 0, 0, 0, 0, 0, 0, 0, 0, 0, 0, 0, 0, 0, 0, 0, 0, 0, 0, 0, 0, 0, 0, 0, 0, 0, 0, 0, 0, 0, 0, 0, 0, 0, 0, 0, 0, 0, 0, 0, 0, 0, 0, 0, 0, 0, 0, 0, 0, 0, 0, 0, 0, 0, 0, 0, 0, 0, 0, 0, 0, 0, 0, 0, 0, 0, 0, 0, 0, 0, 0, 0, 0, 0, 0, 0, 0, 0, 0, 0, 0, 0, 0, 0, 0, 0, 0, 0, 0, 0, 0, 0, 0, 0, 0, 0, 0, 0, 0, 0, 0, 0, 0, 0, 0, 0, 0, 0, 0, 0, 0, 0, 0, 0, 0]


