path: all/yuyin_8_8115.tt
path: all/yuyin_8_8115.tt
buckets_f: [{163}, {146}, {112, 219, 96, 117, 165, 92, 114, 94, 101, 245, 37}, {69, 186, 196, 168, 105, 80, 42, 68, 198, 199, 43, 47, 121, 45, 108, 175, 194, 3, 172, 209, 135, 237, 147}, {24, 201, 206, 27, 118, 203, 12, 39, 228, 177, 34, 54, 100, 216, 241, 30, 181, 90, 247, 91, 52, 205, 77, 98, 164, 137, 55, 31, 97, 161, 32, 227}, {20, 131, 210, 130, 185, 87, 22, 66, 233, 127, 60, 67, 232, 19, 120, 16, 58, 171, 129, 40, 250, 145, 56, 84, 255, 128, 110, 81, 238, 5, 83, 249, 188, 125, 192, 253, 208, 187, 150, 111, 234, 123, 212, 133, 239, 235, 63, 191}, {204, 13, 99, 202, 9, 229, 95, 143, 38, 166, 179, 35, 244, 76, 141, 48, 152, 116, 226, 75, 207, 89, 33, 115, 153, 155, 178, 218, 222, 160, 154, 162, 88, 113, 220, 79, 139, 103, 157, 223, 49, 93, 200, 15, 73, 156, 29, 136}, {189, 82, 126, 61, 7, 174, 197, 18, 252, 149, 124, 57, 17, 184, 251, 104, 70, 236, 151, 122, 190, 86, 2, 106, 169, 134, 71, 211, 144, 46, 59, 64, 254, 213, 195, 107, 85, 214, 1, 23, 62, 6, 173, 65, 21, 44, 248, 109}, {72, 25, 140, 11, 224, 183, 26, 243, 53, 51, 180, 230, 14, 119, 217, 142, 158, 182, 240, 36, 50, 167, 102, 246, 176, 74, 78, 138, 159, 242, 8}, {170, 148, 193, 215, 41, 132, 4}, {10, 225, 28, 221, 231}, {0}]
buckets_g: [{163}, {146}, {96, 94, 92, 112, 165, 245, 219, 114, 101, 117, 37}, {69, 199, 108, 194, 121, 168, 237, 172, 147, 105, 175, 80, 135, 3, 42, 47, 43, 196, 186, 68, 198, 45, 209}, {98, 91, 90, 161, 32, 201, 55, 177, 241, 216, 100, 12, 97, 205, 164, 228, 24, 203, 137, 227, 34, 181, 27, 206, 54, 118, 247, 77, 30, 52, 39, 31}, {234, 20, 145, 249, 192, 128, 123, 131, 87, 150, 66, 40, 81, 58, 110, 233, 5, 111, 255, 188, 191, 232, 56, 239, 129, 212, 127, 120, 253, 60, 238, 210, 171, 19, 16, 84, 250, 125, 22, 83, 130, 133, 63, 235, 208, 67, 185, 187}, {229, 204, 113, 220, 35, 202, 49, 157, 73, 99, 103, 226, 154, 160, 9, 76, 166, 223, 13, 179, 162, 38, 153, 136, 89, 95, 93, 116, 15, 156, 200, 218, 244, 115, 33, 79, 222, 75, 155, 48, 152, 143, 139, 178, 88, 207, 141, 29}, {106, 71, 2, 21, 134, 213, 44, 254, 85, 23, 82, 1, 61, 59, 122, 189, 104, 86, 195, 46, 190, 236, 174, 197, 126, 64, 17, 7, 65, 107, 57, 62, 169, 124, 149, 70, 109, 214, 6, 252, 211, 151, 144, 18, 248, 173, 251, 184}, {230, 243, 53, 102, 159, 8, 182, 36, 142, 51, 72, 119, 217, 14, 180, 25, 242, 224, 246, 78, 167, 183, 140, 176, 50, 138, 158, 74, 11, 26, 240}, {41, 132, 215, 4, 193, 170, 148}, {10, 28, 231, 225, 221}, {0}]
indices_f: [11, 7, 7, 3, 9, 5, 7, 7, 8, 6, 10, 8, 4, 6, 8, 6, 5, 7, 7, 5, 5, 7, 5, 7, 4, 8, 8, 4, 10, 6, 4, 4, 4, 6, 4, 6, 8, 2, 6, 4, 5, 9, 3, 3, 7, 3, 7, 3, 6, 6, 8, 8, 4, 8, 4, 4, 5, 7, 5, 7, 5, 7, 7, 5, 7, 7, 5, 5, 3, 3, 7, 7, 8, 6, 8, 6, 6, 4, 8, 6, 3, 5, 7, 5, 5, 7, 7, 5, 6, 6, 4, 4, 2, 6, 2, 6, 2, 4, 4, 6, 4, 2, 8, 6, 7, 3, 7, 7, 3, 7, 5, 5, 2, 6, 2, 6, 6, 2, 4, 8, 5, 3, 7, 5, 7, 5, 7, 5, 5, 5, 5, 5, 9, 5, 7, 3, 6, 4, 8, 6, 8, 6, 8, 6, 7, 5, 1, 3, 9, 7, 5, 7, 6, 6, 6, 6, 6, 6, 8, 8, 6, 4, 6, 0, 4, 2, 6, 8, 3, 7, 9, 5, 3, 7, 7, 3, 8, 4, 6, 6, 8, 4, 8, 8, 7, 5, 3, 5, 5, 7, 7, 5, 5, 9, 3, 7, 3, 7, 3, 3, 6, 4, 6, 4, 6, 4, 4, 6, 5, 3, 5, 7, 5, 7, 7, 9, 4, 8, 6, 2, 6, 10, 6, 6, 8, 10, 6, 4, 4, 6, 8, 10, 5, 5, 5, 5, 7, 3, 5, 5, 8, 4, 8, 8, 6, 2, 8, 4, 7, 5, 5, 7, 7, 5, 7, 5]
indices_g: [11, 7, 7, 3, 9, 5, 7, 7, 8, 6, 10, 8, 4, 6, 8, 6, 5, 7, 7, 5, 5, 7, 5, 7, 4, 8, 8, 4, 10, 6, 4, 4, 4, 6, 4, 6, 8, 2, 6, 4, 5, 9, 3, 3, 7, 3, 7, 3, 6, 6, 8, 8, 4, 8, 4, 4, 5, 7, 5, 7, 5, 7, 7, 5, 7, 7, 5, 5, 3, 3, 7, 7, 8, 6, 8, 6, 6, 4, 8, 6, 3, 5, 7, 5, 5, 7, 7, 5, 6, 6, 4, 4, 2, 6, 2, 6, 2, 4, 4, 6, 4, 2, 8, 6, 7, 3, 7, 7, 3, 7, 5, 5, 2, 6, 2, 6, 6, 2, 4, 8, 5, 3, 7, 5, 7, 5, 7, 5, 5, 5, 5, 5, 9, 5, 7, 3, 6, 4, 8, 6, 8, 6, 8, 6, 7, 5, 1, 3, 9, 7, 5, 7, 6, 6, 6, 6, 6, 6, 8, 8, 6, 4, 6, 0, 4, 2, 6, 8, 3, 7, 9, 5, 3, 7, 7, 3, 8, 4, 6, 6, 8, 4, 8, 8, 7, 5, 3, 5, 5, 7, 7, 5, 5, 9, 3, 7, 3, 7, 3, 3, 6, 4, 6, 4, 6, 4, 4, 6, 5, 3, 5, 7, 5, 7, 7, 9, 4, 8, 6, 2, 6, 10, 6, 6, 8, 10, 6, 4, 4, 6, 8, 10, 5, 5, 5, 5, 7, 3, 5, 5, 8, 4, 8, 8, 6, 2, 8, 4, 7, 5, 5, 7, 7, 5, 7, 5]
buckets are valid
L1: [0, 1, 2, 3, 4, 5, 6, 7, 8, 9, 10, 11, 12, 13, 14, 15, 16, 17, 18, 19, 20, 21, 22, 23, 24, 25, 26, 27, 28, 29, 30, 31, 32, 33, 34, 35, 36, 37, 38, 39, 40, 41, 42, 43, 44, 45, 46, 47, 48, 49, 50, 51, 52, 53, 54, 55, 56, 57, 58, 59, 60, 61, 62, 63, 64, 65, 66, 67, 68, 69, 70, 71, 72, 73, 74, 75, 76, 77, 78, 79, 80, 81, 82, 83, 84, 85, 86, 87, 88, 89, 90, 91, 92, 93, 94, 95, 96, 97, 98, 99, 100, 101, 102, 103, 104, 105, 106, 107, 108, 109, 110, 111, 112, 113, 114, 115, 116, 117, 118, 119, 120, 121, 122, 123, 124, 125, 126, 127, 128, 129, 130, 131, 132, 133, 134, 135, 136, 137, 138, 139, 140, 141, 142, 143, 144, 145, 146, 147, 148, 149, 150, 151, 152, 153, 154, 155, 156, 157, 158, 159, 160, 161, 162, 163, 164, 165, 166, 167, 168, 169, 170, 171, 172, 173, 174, 175, 176, 177, 178, 179, 180, 181, 182, 183, 184, 185, 186, 187, 188, 189, 190, 191, 192, 193, 194, 195, 196, 197, 198, 199, 200, 201, 202, 203, 204, 205, 206, 207, 208, 209, 210, 211, 212, 213, 214, 215, 216, 217, 218, 219, 220, 221, 222, 223, 224, 225, 226, 227, 228, 229, 230, 231, 232, 233, 234, 235, 236, 237, 238, 239, 240, 241, 242, 243, 244, 245, 246, 247, 248, 249, 250, 251, 252, 253, 254, 255]
L2: [0, 1, 2, 3, 4, 5, 6, 7, 8, 9, 10, 11, 12, 13, 14, 15, 16, 17, 18, 19, 20, 21, 22, 23, 24, 25, 26, 27, 28, 29, 30, 31, 32, 33, 34, 35, 36, 37, 38, 39, 40, 41, 42, 43, 44, 45, 46, 47, 48, 49, 50, 51, 52, 53, 54, 55, 56, 57, 58, 59, 60, 61, 62, 63, 64, 65, 66, 67, 68, 69, 70, 71, 72, 73, 74, 75, 76, 77, 78, 79, 80, 81, 82, 83, 84, 85, 86, 87, 88, 89, 90, 91, 92, 93, 94, 95, 96, 97, 98, 99, 100, 101, 102, 103, 104, 105, 106, 107, 108, 109, 110, 111, 112, 113, 114, 115, 116, 117, 118, 119, 120, 121, 122, 123, 124, 125, 126, 127, 128, 129, 130, 131, 132, 133, 134, 135, 136, 137, 138, 139, 140, 141, 142, 143, 144, 145, 146, 147, 148, 149, 150, 151, 152, 153, 154, 155, 156, 157, 158, 159, 160, 161, 162, 163, 164, 165, 166, 167, 168, 169, 170, 171, 172, 173, 174, 175, 176, 177, 178, 179, 180, 181, 182, 183, 184, 185, 186, 187, 188, 189, 190, 191, 192, 193, 194, 195, 196, 197, 198, 199, 200, 201, 202, 203, 204, 205, 206, 207, 208, 209, 210, 211, 212, 213, 214, 215, 216, 217, 218, 219, 220, 221, 222, 223, 224, 225, 226, 227, 228, 229, 230, 231, 232, 233, 234, 235, 236, 237, 238, 239, 240, 241, 242, 243, 244, 245, 246, 247, 248, 249, 250, 251, 252, 253, 254, 255]
A: [0, 0, 0, 0, 0, 0, 0, 0, 0, 0, 0, 0, 0, 0, 0, 0, 0, 0, 0, 0, 0, 0, 0, 0, 0, 0, 0, 0, 0, 0, 0, 0, 0, 0, 0, 0, 0, 0, 0, 0, 0, 0, 0, 0, 0, 0, 0, 0, 0, 0, 0, 0, 0, 0, 0, 0, 0, 0, 0, 0, 0, 0, 0, 0, 0, 0, 0, 0, 0, 0, 0, 0, 0, 0, 0, 0, 0, 0, 0, 0, 0, 0, 0, 0, 0, 0, 0, 0, 0, 0, 0, 0, 0, 0, 0, 0, 0, 0, 0, 0, 0, 0, 0, 0, 0, 0, 0, 0, 0, 0, 0, 0, 0, 0, 0, 0, 0, 0, 0, 0, 0, 0, 0, 0, 0, 0, 0, 0, 0, 0, 0, 0, 0, 0, 0, 0, 0, 0, 0, 0, 0, 0, 0, 0, 0, 0, 0, 0, 0, 0, 0, 0, 0, 0, 0, 0, 0, 0, 0, 0, 0, 0, 0, 0, 0, 0, 0, 0, 0, 0, 0, 0, 0, 0, 0, 0, 0, 0, 0, 0, 0, 0, 0, 0, 0, 0, 0, 0, 0, 0, 0, 0, 0, 0, 0, 0, 0, 0, 0, 0, 0, 0, 0, 0, 0, 0, 0, 0, 0, 0, 0, 0, 0, 0, 0, 0, 0, 0, 0, 0, 0, 0, 0, 0, 0, 0, 0, 0, 0, 0, 0, 0, 0, 0, 0, 0, 0, 0, 0, 0, 0, 0, 0, 0, 0, 0, 0, 0, 0, 0, 0, 0, 0, 0, 0, 0]


