path: all/yuyin2_2650.tt
path: all/yuyin2_2650.tt
buckets_f: [{29}, {150}, {201, 132, 33, 84, 31, 173, 213}, {30, 219, 4, 180, 199, 232, 133, 41, 236, 107, 96, 138, 197, 255, 102, 217, 146, 176, 90, 170}, {183, 44, 61, 112, 54, 207, 235, 156, 164, 76, 86, 196, 108, 42, 5, 134, 89, 215, 118, 248, 211, 192, 97, 52, 188, 139, 181, 106, 143, 16, 22, 99, 10, 245, 152, 50, 147, 71, 27, 250, 151, 46, 3, 224, 48, 12}, {43, 120, 87, 168, 100, 200, 56, 157, 182, 53, 119, 83, 172, 9, 34, 161, 223, 105, 189, 148, 113, 202, 111, 225, 208, 253, 140, 131, 45, 234, 11, 210, 98, 13, 85, 126, 238, 165, 195, 249, 36, 244, 159, 142, 221, 62}, {93, 127, 145, 184, 72, 20, 69, 141, 252, 39, 82, 67, 209, 18, 78, 177, 162, 7, 254, 205, 237, 186, 128, 230, 149, 160, 123, 239, 137, 14, 216, 35, 175, 228, 91, 154, 198, 179, 241, 37, 8, 220, 1, 121, 243, 194}, {77, 75, 23, 55, 124, 251, 94, 231, 242, 64, 17, 49, 204, 32, 206, 153, 191, 214, 117, 2, 6, 109, 79, 246, 24, 47, 135, 66, 38, 212, 19, 70, 92, 68, 26, 174, 88, 187, 58, 167, 122, 227, 21, 163, 136, 115, 144, 155}, {166, 57, 110, 65, 203, 104, 114, 171, 247, 63, 190, 103, 59, 101, 74, 80, 169, 222, 95, 233, 116, 40, 218, 226, 130}, {240, 185, 229, 81, 51, 193, 15, 178, 129}, {158, 125, 25}, {28, 73, 60}, {0}]
buckets_g: [{29}, {150}, {213, 84, 33, 132, 31, 201, 173}, {199, 138, 30, 41, 217, 170, 219, 133, 107, 197, 146, 255, 96, 236, 90, 232, 102, 4, 180, 176}, {139, 245, 3, 250, 50, 181, 118, 108, 61, 235, 183, 188, 151, 196, 192, 89, 207, 42, 106, 44, 54, 12, 71, 215, 46, 5, 143, 156, 52, 97, 147, 211, 10, 76, 164, 99, 27, 86, 48, 224, 22, 134, 16, 248, 112, 152}, {195, 36, 9, 182, 234, 210, 142, 223, 119, 113, 172, 83, 131, 43, 202, 249, 87, 85, 62, 159, 161, 168, 45, 244, 253, 221, 157, 189, 13, 225, 208, 140, 11, 238, 120, 111, 100, 165, 126, 98, 148, 105, 34, 56, 53, 200}, {149, 93, 177, 186, 179, 162, 194, 121, 91, 228, 154, 175, 8, 20, 160, 18, 127, 141, 72, 184, 209, 128, 123, 37, 252, 241, 82, 216, 69, 137, 39, 243, 198, 35, 7, 237, 14, 205, 78, 67, 220, 239, 145, 254, 1, 230}, {191, 242, 55, 79, 155, 122, 117, 174, 17, 68, 246, 115, 75, 58, 144, 66, 109, 77, 251, 94, 136, 6, 204, 167, 214, 2, 92, 70, 26, 64, 88, 187, 23, 38, 24, 21, 32, 227, 206, 212, 163, 153, 19, 49, 231, 124, 47, 135}, {169, 110, 57, 226, 130, 218, 104, 103, 59, 95, 166, 63, 65, 74, 40, 222, 247, 80, 114, 233, 116, 203, 101, 171, 190}, {229, 185, 193, 240, 129, 51, 178, 81, 15}, {125, 25, 158}, {60, 28, 73}, {0}]
indices_f: [12, 6, 7, 4, 3, 4, 7, 6, 6, 5, 4, 5, 4, 5, 6, 9, 4, 7, 6, 7, 6, 7, 4, 7, 7, 10, 7, 4, 11, 0, 3, 2, 7, 2, 5, 6, 5, 6, 7, 6, 8, 3, 4, 5, 4, 5, 4, 7, 4, 7, 4, 9, 4, 5, 4, 7, 5, 8, 7, 8, 11, 4, 5, 8, 7, 8, 7, 6, 7, 6, 7, 4, 6, 11, 8, 7, 4, 7, 6, 7, 8, 9, 6, 5, 2, 5, 4, 5, 7, 4, 3, 6, 7, 6, 7, 8, 3, 4, 5, 4, 5, 8, 3, 8, 8, 5, 4, 3, 4, 7, 8, 5, 4, 5, 8, 7, 8, 7, 4, 5, 5, 6, 7, 6, 7, 10, 5, 6, 6, 9, 8, 5, 2, 3, 4, 7, 7, 6, 3, 4, 5, 6, 5, 4, 7, 6, 3, 4, 5, 6, 1, 4, 4, 7, 6, 7, 4, 5, 10, 5, 6, 5, 6, 7, 4, 5, 8, 7, 5, 8, 3, 8, 5, 2, 7, 6, 3, 6, 9, 6, 3, 4, 5, 4, 6, 9, 6, 7, 4, 5, 8, 7, 4, 9, 6, 5, 4, 3, 6, 3, 5, 2, 5, 8, 7, 6, 7, 4, 5, 6, 5, 4, 7, 2, 7, 4, 6, 3, 8, 3, 6, 5, 8, 5, 4, 5, 8, 7, 6, 9, 6, 7, 3, 8, 5, 4, 3, 6, 5, 6, 9, 6, 7, 6, 5, 4, 7, 8, 4, 5, 4, 7, 6, 5, 6, 3]
indices_g: [12, 6, 7, 4, 3, 4, 7, 6, 6, 5, 4, 5, 4, 5, 6, 9, 4, 7, 6, 7, 6, 7, 4, 7, 7, 10, 7, 4, 11, 0, 3, 2, 7, 2, 5, 6, 5, 6, 7, 6, 8, 3, 4, 5, 4, 5, 4, 7, 4, 7, 4, 9, 4, 5, 4, 7, 5, 8, 7, 8, 11, 4, 5, 8, 7, 8, 7, 6, 7, 6, 7, 4, 6, 11, 8, 7, 4, 7, 6, 7, 8, 9, 6, 5, 2, 5, 4, 5, 7, 4, 3, 6, 7, 6, 7, 8, 3, 4, 5, 4, 5, 8, 3, 8, 8, 5, 4, 3, 4, 7, 8, 5, 4, 5, 8, 7, 8, 7, 4, 5, 5, 6, 7, 6, 7, 10, 5, 6, 6, 9, 8, 5, 2, 3, 4, 7, 7, 6, 3, 4, 5, 6, 5, 4, 7, 6, 3, 4, 5, 6, 1, 4, 4, 7, 6, 7, 4, 5, 10, 5, 6, 5, 6, 7, 4, 5, 8, 7, 5, 8, 3, 8, 5, 2, 7, 6, 3, 6, 9, 6, 3, 4, 5, 4, 6, 9, 6, 7, 4, 5, 8, 7, 4, 9, 6, 5, 4, 3, 6, 3, 5, 2, 5, 8, 7, 6, 7, 4, 5, 6, 5, 4, 7, 2, 7, 4, 6, 3, 8, 3, 6, 5, 8, 5, 4, 5, 8, 7, 6, 9, 6, 7, 3, 8, 5, 4, 3, 6, 5, 6, 9, 6, 7, 6, 5, 4, 7, 8, 4, 5, 4, 7, 6, 5, 6, 3]
buckets are valid
L1: [0, 1, 2, 3, 4, 5, 6, 7, 8, 9, 10, 11, 12, 13, 14, 15, 16, 17, 18, 19, 20, 21, 22, 23, 24, 25, 26, 27, 28, 29, 30, 31, 32, 33, 34, 35, 36, 37, 38, 39, 40, 41, 42, 43, 44, 45, 46, 47, 48, 49, 50, 51, 52, 53, 54, 55, 56, 57, 58, 59, 60, 61, 62, 63, 64, 65, 66, 67, 68, 69, 70, 71, 72, 73, 74, 75, 76, 77, 78, 79, 80, 81, 82, 83, 84, 85, 86, 87, 88, 89, 90, 91, 92, 93, 94, 95, 96, 97, 98, 99, 100, 101, 102, 103, 104, 105, 106, 107, 108, 109, 110, 111, 112, 113, 114, 115, 116, 117, 118, 119, 120, 121, 122, 123, 124, 125, 126, 127, 128, 129, 130, 131, 132, 133, 134, 135, 136, 137, 138, 139, 140, 141, 142, 143, 144, 145, 146, 147, 148, 149, 150, 151, 152, 153, 154, 155, 156, 157, 158, 159, 160, 161, 162, 163, 164, 165, 166, 167, 168, 169, 170, 171, 172, 173, 174, 175, 176, 177, 178, 179, 180, 181, 182, 183, 184, 185, 186, 187, 188, 189, 190, 191, 192, 193, 194, 195, 196, 197, 198, 199, 200, 201, 202, 203, 204, 205, 206, 207, 208, 209, 210, 211, 212, 213, 214, 215, 216, 217, 218, 219, 220, 221, 222, 223, 224, 225, 226, 227, 228, 229, 230, 231, 232, 233, 234, 235, 236, 237, 238, 239, 240, 241, 242, 243, 244, 245, 246, 247, 248, 249, 250, 251, 252, 253, 254, 255]
L2: [0, 1, 2, 3, 4, 5, 6, 7, 8, 9, 10, 11, 12, 13, 14, 15, 16, 17, 18, 19, 20, 21, 22, 23, 24, 25, 26, 27, 28, 29, 30, 31, 32, 33, 34, 35, 36, 37, 38, 39, 40, 41, 42, 43, 44, 45, 46, 47, 48, 49, 50, 51, 52, 53, 54, 55, 56, 57, 58, 59, 60, 61, 62, 63, 64, 65, 66, 67, 68, 69, 70, 71, 72, 73, 74, 75, 76, 77, 78, 79, 80, 81, 82, 83, 84, 85, 86, 87, 88, 89, 90, 91, 92, 93, 94, 95, 96, 97, 98, 99, 100, 101, 102, 103, 104, 105, 106, 107, 108, 109, 110, 111, 112, 113, 114, 115, 116, 117, 118, 119, 120, 121, 122, 123, 124, 125, 126, 127, 128, 129, 130, 131, 132, 133, 134, 135, 136, 137, 138, 139, 140, 141, 142, 143, 144, 145, 146, 147, 148, 149, 150, 151, 152, 153, 154, 155, 156, 157, 158, 159, 160, 161, 162, 163, 164, 165, 166, 167, 168, 169, 170, 171, 172, 173, 174, 175, 176, 177, 178, 179, 180, 181, 182, 183, 184, 185, 186, 187, 188, 189, 190, 191, 192, 193, 194, 195, 196, 197, 198, 199, 200, 201, 202, 203, 204, 205, 206, 207, 208, 209, 210, 211, 212, 213, 214, 215, 216, 217, 218, 219, 220, 221, 222, 223, 224, 225, 226, 227, 228, 229, 230, 231, 232, 233, 234, 235, 236, 237, 238, 239, 240, 241, 242, 243, 244, 245, 246, 247, 248, 249, 250, 251, 252, 253, 254, 255]
A: [0, 0, 0, 0, 0, 0, 0, 0, 0, 0, 0, 0, 0, 0, 0, 0, 0, 0, 0, 0, 0, 0, 0, 0, 0, 0, 0, 0, 0, 0, 0, 0, 0, 0, 0, 0, 0, 0, 0, 0, 0, 0, 0, 0, 0, 0, 0, 0, 0, 0, 0, 0, 0, 0, 0, 0, 0, 0, 0, 0, 0, 0, 0, 0, 0, 0, 0, 0, 0, 0, 0, 0, 0, 0, 0, 0, 0, 0, 0, 0, 0, 0, 0, 0, 0, 0, 0, 0, 0, 0, 0, 0, 0, 0, 0, 0, 0, 0, 0, 0, 0, 0, 0, 0, 0, 0, 0, 0, 0, 0, 0, 0, 0, 0, 0, 0, 0, 0, 0, 0, 0, 0, 0, 0, 0, 0, 0, 0, 0, 0, 0, 0, 0, 0, 0, 0, 0, 0, 0, 0, 0, 0, 0, 0, 0, 0, 0, 0, 0, 0, 0, 0, 0, 0, 0, 0, 0, 0, 0, 0, 0, 0, 0, 0, 0, 0, 0, 0, 0, 0, 0, 0, 0, 0, 0, 0, 0, 0, 0, 0, 0, 0, 0, 0, 0, 0, 0, 0, 0, 0, 0, 0, 0, 0, 0, 0, 0, 0, 0, 0, 0, 0, 0, 0, 0, 0, 0, 0, 0, 0, 0, 0, 0, 0, 0, 0, 0, 0, 0, 0, 0, 0, 0, 0, 0, 0, 0, 0, 0, 0, 0, 0, 0, 0, 0, 0, 0, 0, 0, 0, 0, 0, 0, 0, 0, 0, 0, 0, 0, 0, 0, 0, 0, 0, 0, 0]


