path: all/yuyin_8_4920.tt
path: all/yuyin_8_4920.tt
buckets_f: [{211}, {61}, {165, 1, 105, 70, 246, 42, 40, 136, 80, 27, 232}, {218, 24, 49, 57, 53, 73, 172, 143, 139, 243, 212, 102, 43, 239, 249, 216, 85, 110, 81, 159, 196, 231, 222}, {167, 103, 171, 179, 144, 97, 193, 121, 64, 62, 88, 148, 111, 38, 84, 221, 177, 36, 117, 123, 11, 52, 209, 228, 107, 215, 213, 205, 119, 236, 252, 3}, {51, 12, 83, 55, 227, 79, 202, 106, 10, 30, 162, 45, 184, 89, 176, 122, 241, 145, 69, 151, 157, 198, 77, 59, 164, 210, 47, 6, 208, 100, 170, 95, 206, 251, 192, 87, 247, 65, 71, 153, 28, 67, 133, 190, 174, 178, 135, 225}, {150, 132, 146, 60, 128, 130, 219, 201, 19, 234, 99, 74, 29, 68, 13, 34, 25, 199, 207, 175, 44, 161, 109, 94, 86, 9, 242, 154, 195, 113, 138, 101, 115, 32, 48, 76, 17, 46, 90, 156, 134, 56, 248, 254, 189, 72, 7, 78}, {22, 160, 245, 137, 204, 8, 168, 114, 194, 4, 220, 166, 253, 93, 235, 37, 33, 116, 63, 200, 147, 131, 98, 141, 126, 237, 214, 18, 182, 180, 155, 149, 14, 26, 75, 20, 91, 35, 129, 112, 229, 39, 16, 118, 104, 233, 41, 124}, {23, 66, 158, 187, 152, 230, 127, 181, 185, 183, 58, 173, 224, 5, 82, 163, 142, 140, 15, 21, 250, 92, 238, 223, 240, 226, 50, 203, 197, 244, 125}, {120, 255, 186, 108, 188, 96, 2}, {191, 54, 217, 169, 31}, {0}]
buckets_g: [{211}, {61}, {1, 136, 246, 80, 40, 70, 232, 42, 165, 27, 105}, {216, 85, 102, 57, 53, 231, 218, 243, 81, 139, 73, 143, 49, 196, 249, 222, 212, 159, 24, 172, 239, 110, 43}, {117, 119, 221, 52, 111, 179, 177, 209, 167, 213, 252, 11, 38, 3, 193, 97, 236, 62, 64, 103, 84, 171, 36, 228, 121, 148, 88, 107, 123, 205, 215, 144}, {55, 106, 251, 79, 77, 157, 47, 241, 176, 210, 206, 153, 69, 151, 184, 71, 12, 65, 67, 162, 225, 247, 145, 178, 198, 170, 10, 95, 28, 202, 227, 83, 59, 208, 51, 100, 135, 133, 164, 6, 45, 30, 192, 89, 190, 87, 122, 174}, {94, 189, 19, 44, 130, 128, 74, 90, 150, 146, 132, 48, 17, 101, 46, 60, 115, 175, 134, 234, 113, 13, 248, 109, 7, 195, 201, 99, 199, 86, 25, 254, 9, 156, 29, 68, 242, 76, 154, 161, 207, 219, 138, 78, 72, 32, 56, 34}, {14, 16, 4, 160, 245, 26, 204, 220, 129, 8, 166, 229, 104, 149, 194, 39, 141, 93, 18, 253, 91, 180, 20, 75, 114, 118, 33, 182, 200, 22, 112, 41, 35, 137, 131, 237, 126, 155, 37, 214, 116, 124, 233, 98, 168, 147, 63, 235}, {230, 66, 142, 58, 82, 125, 224, 187, 127, 250, 152, 183, 181, 223, 226, 203, 185, 158, 21, 244, 173, 23, 163, 92, 15, 197, 240, 238, 50, 140, 5}, {255, 120, 96, 186, 2, 108, 188}, {217, 191, 31, 169, 54}, {0}]
indices_f: [11, 2, 9, 4, 7, 8, 5, 6, 7, 6, 5, 4, 5, 6, 7, 8, 7, 6, 7, 6, 7, 8, 7, 8, 3, 6, 7, 2, 5, 6, 5, 10, 6, 7, 6, 7, 4, 7, 4, 7, 2, 7, 2, 3, 6, 5, 6, 5, 6, 3, 8, 5, 4, 3, 10, 5, 6, 3, 8, 5, 6, 1, 4, 7, 4, 5, 8, 5, 6, 5, 2, 5, 6, 3, 6, 7, 6, 5, 6, 5, 2, 3, 8, 5, 4, 3, 6, 5, 4, 5, 6, 7, 8, 7, 6, 5, 9, 4, 7, 6, 5, 6, 3, 4, 7, 2, 5, 4, 9, 6, 3, 4, 7, 6, 7, 6, 7, 4, 7, 4, 9, 4, 5, 4, 7, 8, 7, 8, 6, 7, 6, 7, 6, 5, 6, 5, 2, 7, 6, 3, 8, 7, 8, 3, 4, 5, 6, 7, 4, 7, 6, 5, 8, 5, 6, 7, 6, 5, 8, 3, 7, 6, 5, 8, 5, 2, 7, 4, 7, 10, 5, 4, 3, 8, 5, 6, 5, 4, 5, 4, 7, 8, 7, 8, 5, 8, 9, 8, 9, 6, 5, 10, 5, 4, 7, 6, 3, 8, 5, 6, 7, 6, 5, 8, 7, 4, 5, 6, 5, 4, 5, 0, 3, 4, 7, 4, 3, 10, 3, 6, 7, 4, 3, 8, 8, 5, 8, 5, 4, 7, 8, 3, 2, 7, 6, 7, 4, 7, 8, 3, 8, 5, 6, 3, 8, 7, 2, 5, 6, 3, 8, 5, 4, 7, 6, 9]
indices_g: [11, 2, 9, 4, 7, 8, 5, 6, 7, 6, 5, 4, 5, 6, 7, 8, 7, 6, 7, 6, 7, 8, 7, 8, 3, 6, 7, 2, 5, 6, 5, 10, 6, 7, 6, 7, 4, 7, 4, 7, 2, 7, 2, 3, 6, 5, 6, 5, 6, 3, 8, 5, 4, 3, 10, 5, 6, 3, 8, 5, 6, 1, 4, 7, 4, 5, 8, 5, 6, 5, 2, 5, 6, 3, 6, 7, 6, 5, 6, 5, 2, 3, 8, 5, 4, 3, 6, 5, 4, 5, 6, 7, 8, 7, 6, 5, 9, 4, 7, 6, 5, 6, 3, 4, 7, 2, 5, 4, 9, 6, 3, 4, 7, 6, 7, 6, 7, 4, 7, 4, 9, 4, 5, 4, 7, 8, 7, 8, 6, 7, 6, 7, 6, 5, 6, 5, 2, 7, 6, 3, 8, 7, 8, 3, 4, 5, 6, 7, 4, 7, 6, 5, 8, 5, 6, 7, 6, 5, 8, 3, 7, 6, 5, 8, 5, 2, 7, 4, 7, 10, 5, 4, 3, 8, 5, 6, 5, 4, 5, 4, 7, 8, 7, 8, 5, 8, 9, 8, 9, 6, 5, 10, 5, 4, 7, 6, 3, 8, 5, 6, 7, 6, 5, 8, 7, 4, 5, 6, 5, 4, 5, 0, 3, 4, 7, 4, 3, 10, 3, 6, 7, 4, 3, 8, 8, 5, 8, 5, 4, 7, 8, 3, 2, 7, 6, 7, 4, 7, 8, 3, 8, 5, 6, 3, 8, 7, 2, 5, 6, 3, 8, 5, 4, 7, 6, 9]
buckets are valid
L1: [0, 1, 2, 3, 4, 5, 6, 7, 8, 9, 10, 11, 12, 13, 14, 15, 16, 17, 18, 19, 20, 21, 22, 23, 24, 25, 26, 27, 28, 29, 30, 31, 32, 33, 34, 35, 36, 37, 38, 39, 40, 41, 42, 43, 44, 45, 46, 47, 48, 49, 50, 51, 52, 53, 54, 55, 56, 57, 58, 59, 60, 61, 62, 63, 64, 65, 66, 67, 68, 69, 70, 71, 72, 73, 74, 75, 76, 77, 78, 79, 80, 81, 82, 83, 84, 85, 86, 87, 88, 89, 90, 91, 92, 93, 94, 95, 96, 97, 98, 99, 100, 101, 102, 103, 104, 105, 106, 107, 108, 109, 110, 111, 112, 113, 114, 115, 116, 117, 118, 119, 120, 121, 122, 123, 124, 125, 126, 127, 128, 129, 130, 131, 132, 133, 134, 135, 136, 137, 138, 139, 140, 141, 142, 143, 144, 145, 146, 147, 148, 149, 150, 151, 152, 153, 154, 155, 156, 157, 158, 159, 160, 161, 162, 163, 164, 165, 166, 167, 168, 169, 170, 171, 172, 173, 174, 175, 176, 177, 178, 179, 180, 181, 182, 183, 184, 185, 186, 187, 188, 189, 190, 191, 192, 193, 194, 195, 196, 197, 198, 199, 200, 201, 202, 203, 204, 205, 206, 207, 208, 209, 210, 211, 212, 213, 214, 215, 216, 217, 218, 219, 220, 221, 222, 223, 224, 225, 226, 227, 228, 229, 230, 231, 232, 233, 234, 235, 236, 237, 238, 239, 240, 241, 242, 243, 244, 245, 246, 247, 248, 249, 250, 251, 252, 253, 254, 255]
L2: [0, 1, 2, 3, 4, 5, 6, 7, 8, 9, 10, 11, 12, 13, 14, 15, 16, 17, 18, 19, 20, 21, 22, 23, 24, 25, 26, 27, 28, 29, 30, 31, 32, 33, 34, 35, 36, 37, 38, 39, 40, 41, 42, 43, 44, 45, 46, 47, 48, 49, 50, 51, 52, 53, 54, 55, 56, 57, 58, 59, 60, 61, 62, 63, 64, 65, 66, 67, 68, 69, 70, 71, 72, 73, 74, 75, 76, 77, 78, 79, 80, 81, 82, 83, 84, 85, 86, 87, 88, 89, 90, 91, 92, 93, 94, 95, 96, 97, 98, 99, 100, 101, 102, 103, 104, 105, 106, 107, 108, 109, 110, 111, 112, 113, 114, 115, 116, 117, 118, 119, 120, 121, 122, 123, 124, 125, 126, 127, 128, 129, 130, 131, 132, 133, 134, 135, 136, 137, 138, 139, 140, 141, 142, 143, 144, 145, 146, 147, 148, 149, 150, 151, 152, 153, 154, 155, 156, 157, 158, 159, 160, 161, 162, 163, 164, 165, 166, 167, 168, 169, 170, 171, 172, 173, 174, 175, 176, 177, 178, 179, 180, 181, 182, 183, 184, 185, 186, 187, 188, 189, 190, 191, 192, 193, 194, 195, 196, 197, 198, 199, 200, 201, 202, 203, 204, 205, 206, 207, 208, 209, 210, 211, 212, 213, 214, 215, 216, 217, 218, 219, 220, 221, 222, 223, 224, 225, 226, 227, 228, 229, 230, 231, 232, 233, 234, 235, 236, 237, 238, 239, 240, 241, 242, 243, 244, 245, 246, 247, 248, 249, 250, 251, 252, 253, 254, 255]
A: [0, 0, 0, 0, 0, 0, 0, 0, 0, 0, 0, 0, 0, 0, 0, 0, 0, 0, 0, 0, 0, 0, 0, 0, 0, 0, 0, 0, 0, 0, 0, 0, 0, 0, 0, 0, 0, 0, 0, 0, 0, 0, 0, 0, 0, 0, 0, 0, 0, 0, 0, 0, 0, 0, 0, 0, 0, 0, 0, 0, 0, 0, 0, 0, 0, 0, 0, 0, 0, 0, 0, 0, 0, 0, 0, 0, 0, 0, 0, 0, 0, 0, 0, 0, 0, 0, 0, 0, 0, 0, 0, 0, 0, 0, 0, 0, 0, 0, 0, 0, 0, 0, 0, 0, 0, 0, 0, 0, 0, 0, 0, 0, 0, 0, 0, 0, 0, 0, 0, 0, 0, 0, 0, 0, 0, 0, 0, 0, 0, 0, 0, 0, 0, 0, 0, 0, 0, 0, 0, 0, 0, 0, 0, 0, 0, 0, 0, 0, 0, 0, 0, 0, 0, 0, 0, 0, 0, 0, 0, 0, 0, 0, 0, 0, 0, 0, 0, 0, 0, 0, 0, 0, 0, 0, 0, 0, 0, 0, 0, 0, 0, 0, 0, 0, 0, 0, 0, 0, 0, 0, 0, 0, 0, 0, 0, 0, 0, 0, 0, 0, 0, 0, 0, 0, 0, 0, 0, 0, 0, 0, 0, 0, 0, 0, 0, 0, 0, 0, 0, 0, 0, 0, 0, 0, 0, 0, 0, 0, 0, 0, 0, 0, 0, 0, 0, 0, 0, 0, 0, 0, 0, 0, 0, 0, 0, 0, 0, 0, 0, 0, 0, 0, 0, 0, 0, 0]


