path: all/yuyin_8_5615.tt
path: all/yuyin_8_5615.tt
buckets_f: [{118, 205, 208}, {202, 115, 8, 216, 233, 6, 80, 196, 142, 162, 95, 143, 78, 124}, {151, 137, 69, 211, 63, 210, 49, 47, 168, 106, 89, 223, 88, 194, 117}, {127, 94, 141, 188, 109, 99, 232, 110, 65, 40, 158, 197, 230, 144, 76, 201, 247, 10, 231, 176, 161, 52, 217, 228, 173, 64, 97, 175, 39, 23, 96, 36, 42, 58, 159, 83}, {12, 166, 28, 242, 169, 60, 103, 133, 19, 138, 72, 73, 34, 237, 181, 90, 120, 184, 221, 3, 15, 86, 171, 243, 107, 61, 139, 153, 170, 31, 121, 192, 100, 227, 101, 45, 50, 148, 46, 85, 75, 62, 164, 13, 136, 254, 84, 224}, {229, 245, 200, 112, 203, 4, 218, 98, 128, 54, 11, 146, 125, 22, 251, 67, 113, 219, 234, 190, 43, 38, 59, 25, 20, 160, 191, 145, 92, 140, 177, 93, 157, 250, 21, 126, 24, 111, 27, 235, 81, 172, 249, 82, 163, 189, 212, 147}, {116, 193, 252, 132, 241, 48, 33, 32, 68, 180, 207, 105, 220, 70, 187, 91, 152, 87, 18, 17, 204, 209, 154, 155, 183, 225, 16, 30, 51, 102, 35, 222, 104, 74, 119, 182, 236, 1, 123, 195, 149, 165, 185, 2, 14, 206, 186, 150}, {53, 108, 37, 77, 179, 198, 156, 56, 131, 248, 244, 66, 41, 26, 7, 178, 213, 130, 79, 246, 57, 214, 129, 174, 215, 114, 199, 55}, {135, 226, 239, 122, 255, 29, 71, 253, 240, 238, 167, 134, 44}, {9, 5}, {0}]
buckets_g: [{118, 205, 208}, {124, 216, 162, 143, 6, 202, 95, 142, 115, 8, 78, 196, 233, 80}, {106, 194, 151, 211, 168, 89, 69, 137, 63, 49, 117, 88, 223, 47, 210}, {201, 23, 197, 39, 64, 42, 188, 141, 232, 217, 65, 228, 159, 109, 110, 83, 144, 175, 231, 96, 94, 127, 40, 173, 247, 10, 99, 58, 176, 230, 36, 76, 52, 97, 158, 161}, {227, 85, 169, 120, 28, 170, 3, 221, 62, 50, 107, 164, 243, 61, 192, 181, 166, 254, 242, 19, 73, 139, 224, 15, 184, 103, 75, 121, 34, 101, 31, 13, 12, 138, 60, 171, 72, 45, 84, 148, 90, 136, 153, 237, 86, 133, 46, 100}, {212, 163, 22, 172, 21, 112, 43, 145, 38, 4, 54, 249, 11, 59, 146, 245, 125, 229, 111, 81, 82, 20, 147, 67, 191, 189, 126, 218, 203, 25, 113, 157, 235, 98, 160, 190, 219, 27, 234, 93, 177, 128, 92, 200, 251, 250, 24, 140}, {17, 14, 87, 150, 195, 18, 187, 193, 165, 123, 182, 183, 35, 102, 104, 74, 236, 204, 68, 105, 119, 16, 132, 149, 91, 180, 241, 2, 222, 206, 225, 207, 154, 209, 185, 30, 33, 152, 116, 155, 48, 32, 220, 186, 252, 51, 1, 70}, {114, 198, 37, 215, 56, 244, 7, 77, 178, 246, 213, 199, 248, 53, 214, 55, 156, 179, 41, 79, 66, 108, 174, 57, 129, 131, 130, 26}, {71, 167, 29, 44, 238, 240, 226, 134, 253, 122, 135, 255, 239}, {9, 5}, {0}]
indices_f: [10, 6, 6, 4, 5, 9, 1, 7, 1, 9, 3, 5, 4, 4, 6, 4, 6, 6, 6, 4, 5, 5, 5, 3, 5, 5, 7, 5, 4, 8, 6, 4, 6, 6, 4, 6, 3, 7, 5, 3, 3, 7, 3, 5, 8, 4, 4, 2, 6, 2, 4, 6, 3, 7, 5, 7, 7, 7, 3, 5, 4, 4, 4, 2, 3, 3, 7, 5, 6, 2, 6, 8, 4, 4, 6, 4, 3, 7, 1, 7, 1, 5, 5, 3, 4, 4, 4, 6, 2, 2, 4, 6, 5, 5, 3, 1, 3, 3, 5, 3, 4, 4, 6, 4, 6, 6, 2, 4, 7, 3, 3, 5, 5, 5, 7, 1, 6, 2, 0, 6, 4, 4, 8, 6, 1, 5, 5, 3, 5, 7, 7, 7, 6, 4, 8, 8, 4, 2, 4, 4, 5, 3, 1, 1, 3, 5, 5, 5, 4, 6, 6, 2, 6, 4, 6, 6, 7, 5, 3, 3, 5, 3, 1, 5, 4, 6, 4, 8, 2, 4, 4, 4, 5, 3, 7, 3, 3, 5, 7, 7, 6, 4, 6, 6, 4, 6, 6, 6, 3, 5, 5, 5, 4, 6, 2, 6, 1, 3, 7, 7, 5, 3, 1, 5, 6, 0, 6, 6, 0, 6, 2, 2, 5, 7, 7, 7, 1, 3, 5, 5, 6, 4, 6, 2, 4, 6, 8, 4, 3, 5, 3, 3, 3, 1, 5, 5, 6, 4, 8, 8, 8, 6, 4, 4, 7, 5, 7, 3, 7, 5, 5, 5, 6, 8, 4, 8]
indices_g: [10, 6, 6, 4, 5, 9, 1, 7, 1, 9, 3, 5, 4, 4, 6, 4, 6, 6, 6, 4, 5, 5, 5, 3, 5, 5, 7, 5, 4, 8, 6, 4, 6, 6, 4, 6, 3, 7, 5, 3, 3, 7, 3, 5, 8, 4, 4, 2, 6, 2, 4, 6, 3, 7, 5, 7, 7, 7, 3, 5, 4, 4, 4, 2, 3, 3, 7, 5, 6, 2, 6, 8, 4, 4, 6, 4, 3, 7, 1, 7, 1, 5, 5, 3, 4, 4, 4, 6, 2, 2, 4, 6, 5, 5, 3, 1, 3, 3, 5, 3, 4, 4, 6, 4, 6, 6, 2, 4, 7, 3, 3, 5, 5, 5, 7, 1, 6, 2, 0, 6, 4, 4, 8, 6, 1, 5, 5, 3, 5, 7, 7, 7, 6, 4, 8, 8, 4, 2, 4, 4, 5, 3, 1, 1, 3, 5, 5, 5, 4, 6, 6, 2, 6, 4, 6, 6, 7, 5, 3, 3, 5, 3, 1, 5, 4, 6, 4, 8, 2, 4, 4, 4, 5, 3, 7, 3, 3, 5, 7, 7, 6, 4, 6, 6, 4, 6, 6, 6, 3, 5, 5, 5, 4, 6, 2, 6, 1, 3, 7, 7, 5, 3, 1, 5, 6, 0, 6, 6, 0, 6, 2, 2, 5, 7, 7, 7, 1, 3, 5, 5, 6, 4, 6, 2, 4, 6, 8, 4, 3, 5, 3, 3, 3, 1, 5, 5, 6, 4, 8, 8, 8, 6, 4, 4, 7, 5, 7, 3, 7, 5, 5, 5, 6, 8, 4, 8]
buckets are valid
L1: [0, 1, 2, 3, 4, 5, 6, 7, 8, 9, 10, 11, 12, 13, 14, 15, 16, 17, 18, 19, 20, 21, 22, 23, 24, 25, 26, 27, 28, 29, 30, 31, 32, 33, 34, 35, 36, 37, 38, 39, 40, 41, 42, 43, 44, 45, 46, 47, 48, 49, 50, 51, 52, 53, 54, 55, 56, 57, 58, 59, 60, 61, 62, 63, 64, 65, 66, 67, 68, 69, 70, 71, 72, 73, 74, 75, 76, 77, 78, 79, 80, 81, 82, 83, 84, 85, 86, 87, 88, 89, 90, 91, 92, 93, 94, 95, 96, 97, 98, 99, 100, 101, 102, 103, 104, 105, 106, 107, 108, 109, 110, 111, 112, 113, 114, 115, 116, 117, 118, 119, 120, 121, 122, 123, 124, 125, 126, 127, 128, 129, 130, 131, 132, 133, 134, 135, 136, 137, 138, 139, 140, 141, 142, 143, 144, 145, 146, 147, 148, 149, 150, 151, 152, 153, 154, 155, 156, 157, 158, 159, 160, 161, 162, 163, 164, 165, 166, 167, 168, 169, 170, 171, 172, 173, 174, 175, 176, 177, 178, 179, 180, 181, 182, 183, 184, 185, 186, 187, 188, 189, 190, 191, 192, 193, 194, 195, 196, 197, 198, 199, 200, 201, 202, 203, 204, 205, 206, 207, 208, 209, 210, 211, 212, 213, 214, 215, 216, 217, 218, 219, 220, 221, 222, 223, 224, 225, 226, 227, 228, 229, 230, 231, 232, 233, 234, 235, 236, 237, 238, 239, 240, 241, 242, 243, 244, 245, 246, 247, 248, 249, 250, 251, 252, 253, 254, 255]
L2: [0, 1, 2, 3, 4, 5, 6, 7, 8, 9, 10, 11, 12, 13, 14, 15, 16, 17, 18, 19, 20, 21, 22, 23, 24, 25, 26, 27, 28, 29, 30, 31, 32, 33, 34, 35, 36, 37, 38, 39, 40, 41, 42, 43, 44, 45, 46, 47, 48, 49, 50, 51, 52, 53, 54, 55, 56, 57, 58, 59, 60, 61, 62, 63, 64, 65, 66, 67, 68, 69, 70, 71, 72, 73, 74, 75, 76, 77, 78, 79, 80, 81, 82, 83, 84, 85, 86, 87, 88, 89, 90, 91, 92, 93, 94, 95, 96, 97, 98, 99, 100, 101, 102, 103, 104, 105, 106, 107, 108, 109, 110, 111, 112, 113, 114, 115, 116, 117, 118, 119, 120, 121, 122, 123, 124, 125, 126, 127, 128, 129, 130, 131, 132, 133, 134, 135, 136, 137, 138, 139, 140, 141, 142, 143, 144, 145, 146, 147, 148, 149, 150, 151, 152, 153, 154, 155, 156, 157, 158, 159, 160, 161, 162, 163, 164, 165, 166, 167, 168, 169, 170, 171, 172, 173, 174, 175, 176, 177, 178, 179, 180, 181, 182, 183, 184, 185, 186, 187, 188, 189, 190, 191, 192, 193, 194, 195, 196, 197, 198, 199, 200, 201, 202, 203, 204, 205, 206, 207, 208, 209, 210, 211, 212, 213, 214, 215, 216, 217, 218, 219, 220, 221, 222, 223, 224, 225, 226, 227, 228, 229, 230, 231, 232, 233, 234, 235, 236, 237, 238, 239, 240, 241, 242, 243, 244, 245, 246, 247, 248, 249, 250, 251, 252, 253, 254, 255]
A: [0, 0, 0, 0, 0, 0, 0, 0, 0, 0, 0, 0, 0, 0, 0, 0, 0, 0, 0, 0, 0, 0, 0, 0, 0, 0, 0, 0, 0, 0, 0, 0, 0, 0, 0, 0, 0, 0, 0, 0, 0, 0, 0, 0, 0, 0, 0, 0, 0, 0, 0, 0, 0, 0, 0, 0, 0, 0, 0, 0, 0, 0, 0, 0, 0, 0, 0, 0, 0, 0, 0, 0, 0, 0, 0, 0, 0, 0, 0, 0, 0, 0, 0, 0, 0, 0, 0, 0, 0, 0, 0, 0, 0, 0, 0, 0, 0, 0, 0, 0, 0, 0, 0, 0, 0, 0, 0, 0, 0, 0, 0, 0, 0, 0, 0, 0, 0, 0, 0, 0, 0, 0, 0, 0, 0, 0, 0, 0, 0, 0, 0, 0, 0, 0, 0, 0, 0, 0, 0, 0, 0, 0, 0, 0, 0, 0, 0, 0, 0, 0, 0, 0, 0, 0, 0, 0, 0, 0, 0, 0, 0, 0, 0, 0, 0, 0, 0, 0, 0, 0, 0, 0, 0, 0, 0, 0, 0, 0, 0, 0, 0, 0, 0, 0, 0, 0, 0, 0, 0, 0, 0, 0, 0, 0, 0, 0, 0, 0, 0, 0, 0, 0, 0, 0, 0, 0, 0, 0, 0, 0, 0, 0, 0, 0, 0, 0, 0, 0, 0, 0, 0, 0, 0, 0, 0, 0, 0, 0, 0, 0, 0, 0, 0, 0, 0, 0, 0, 0, 0, 0, 0, 0, 0, 0, 0, 0, 0, 0, 0, 0, 0, 0, 0, 0, 0, 0]


