path: all/yuyin_8_1210.tt
path: all/yuyin_8_1210.tt
buckets_f: [{112}, {181, 210, 167, 154}, {32, 131, 222, 119, 137}, {89, 102, 123, 6, 226, 33}, {74, 114, 198, 101, 42, 203, 64, 15, 85, 212, 8, 63, 45, 98, 228, 71, 156, 2}, {223, 99, 52, 51, 14, 17, 253, 173, 216, 75, 130, 191, 136, 250, 138, 11, 151, 62, 144, 65, 27, 128, 113, 178, 186, 22, 59, 200, 36, 110, 224, 170, 86, 247, 168, 44, 232, 141, 9, 3, 43, 100, 70, 143}, {122, 172, 69, 204, 211, 196, 252, 166, 142, 77, 104, 150, 251, 7, 29, 145, 82, 219, 180, 171, 217, 190, 233, 201, 127, 158, 254, 225, 139, 56, 179, 246, 155, 164, 24, 5, 125, 88, 103, 95, 48, 21, 230, 96}, {215, 189, 135, 184, 35, 28, 234, 105, 133, 94, 146, 176, 160, 108, 57, 91, 20, 60, 157, 149, 83, 124, 183, 229, 76, 207, 126, 116, 67, 192, 81, 121, 19, 25, 240, 239, 68, 73, 213, 118, 199, 49, 92, 202}, {134, 31, 39, 227, 163, 106, 23, 13, 87, 243, 182, 37, 53, 40, 79, 26, 206, 148, 58, 188, 132, 161, 47, 241, 238, 214, 193, 50, 16, 177, 10, 153, 111, 147, 185}, {41, 78, 218, 115, 205, 38, 175, 165, 30, 208, 46, 221, 255, 84, 231, 194, 1, 197, 245, 159, 107, 248, 237, 12}, {18, 34, 120, 80, 174, 209, 72, 55, 244, 220, 169, 93, 140, 66, 109, 249, 236, 90, 129, 195, 61, 187, 117}, {162, 54, 152, 4, 97, 242}, {235}, {0}]
buckets_g: [{112}, {210, 154, 181, 167}, {137, 119, 32, 222, 131}, {33, 123, 102, 226, 6, 89}, {203, 101, 228, 156, 98, 15, 74, 198, 2, 212, 85, 63, 71, 64, 42, 114, 45, 8}, {232, 59, 178, 247, 141, 9, 86, 168, 151, 70, 62, 17, 51, 186, 173, 99, 110, 11, 200, 191, 216, 136, 128, 224, 100, 65, 170, 144, 36, 75, 27, 14, 143, 22, 52, 44, 43, 113, 138, 130, 223, 3, 253, 250}, {56, 24, 95, 204, 103, 139, 196, 122, 69, 172, 155, 150, 145, 166, 171, 180, 201, 158, 179, 251, 219, 246, 225, 125, 233, 230, 254, 104, 211, 21, 77, 217, 7, 252, 190, 142, 5, 82, 29, 48, 164, 127, 88, 96}, {126, 108, 19, 176, 160, 116, 199, 76, 121, 35, 68, 133, 135, 81, 239, 229, 207, 94, 67, 234, 124, 49, 157, 25, 91, 189, 92, 183, 202, 184, 83, 213, 215, 105, 146, 20, 240, 149, 28, 118, 57, 73, 192, 60}, {185, 243, 163, 134, 188, 26, 111, 50, 23, 40, 47, 79, 227, 193, 53, 106, 39, 132, 10, 13, 16, 206, 147, 182, 214, 177, 153, 161, 58, 238, 87, 31, 241, 148, 37}, {194, 107, 115, 175, 1, 231, 218, 208, 221, 30, 197, 84, 245, 205, 248, 237, 165, 255, 46, 78, 159, 38, 41, 12}, {209, 93, 236, 61, 34, 80, 174, 140, 249, 187, 18, 117, 244, 169, 109, 66, 72, 55, 195, 120, 129, 220, 90}, {162, 97, 54, 242, 4, 152}, {235}, {0}]
indices_f: [13, 9, 4, 5, 11, 6, 3, 6, 4, 5, 8, 5, 9, 8, 5, 4, 8, 5, 10, 7, 7, 6, 5, 8, 6, 7, 8, 5, 7, 6, 9, 8, 2, 3, 10, 7, 5, 8, 9, 8, 8, 9, 4, 5, 5, 4, 9, 8, 6, 7, 8, 5, 5, 8, 11, 10, 6, 7, 8, 5, 7, 10, 5, 4, 4, 5, 10, 7, 7, 6, 5, 4, 10, 7, 4, 5, 7, 6, 9, 8, 10, 7, 6, 7, 9, 4, 5, 8, 6, 3, 10, 7, 7, 10, 7, 6, 6, 11, 4, 5, 5, 4, 3, 6, 6, 7, 8, 9, 7, 10, 5, 8, 0, 5, 4, 9, 7, 10, 7, 2, 10, 7, 6, 3, 7, 6, 7, 6, 5, 10, 5, 2, 8, 7, 8, 7, 5, 2, 5, 6, 10, 5, 6, 5, 5, 6, 7, 8, 8, 7, 6, 5, 11, 8, 1, 6, 4, 7, 6, 9, 7, 8, 11, 8, 6, 9, 6, 1, 5, 10, 5, 6, 6, 5, 10, 9, 7, 8, 5, 6, 6, 1, 8, 7, 7, 8, 5, 10, 8, 7, 6, 5, 7, 8, 9, 10, 6, 9, 4, 7, 5, 6, 7, 4, 6, 9, 8, 7, 9, 10, 1, 6, 4, 7, 8, 7, 5, 6, 9, 6, 10, 9, 2, 5, 5, 6, 3, 8, 4, 7, 6, 9, 5, 6, 7, 12, 10, 9, 8, 7, 7, 8, 11, 8, 10, 9, 6, 5, 9, 10, 5, 6, 6, 5, 6, 9]
indices_g: [13, 9, 4, 5, 11, 6, 3, 6, 4, 5, 8, 5, 9, 8, 5, 4, 8, 5, 10, 7, 7, 6, 5, 8, 6, 7, 8, 5, 7, 6, 9, 8, 2, 3, 10, 7, 5, 8, 9, 8, 8, 9, 4, 5, 5, 4, 9, 8, 6, 7, 8, 5, 5, 8, 11, 10, 6, 7, 8, 5, 7, 10, 5, 4, 4, 5, 10, 7, 7, 6, 5, 4, 10, 7, 4, 5, 7, 6, 9, 8, 10, 7, 6, 7, 9, 4, 5, 8, 6, 3, 10, 7, 7, 10, 7, 6, 6, 11, 4, 5, 5, 4, 3, 6, 6, 7, 8, 9, 7, 10, 5, 8, 0, 5, 4, 9, 7, 10, 7, 2, 10, 7, 6, 3, 7, 6, 7, 6, 5, 10, 5, 2, 8, 7, 8, 7, 5, 2, 5, 6, 10, 5, 6, 5, 5, 6, 7, 8, 8, 7, 6, 5, 11, 8, 1, 6, 4, 7, 6, 9, 7, 8, 11, 8, 6, 9, 6, 1, 5, 10, 5, 6, 6, 5, 10, 9, 7, 8, 5, 6, 6, 1, 8, 7, 7, 8, 5, 10, 8, 7, 6, 5, 7, 8, 9, 10, 6, 9, 4, 7, 5, 6, 7, 4, 6, 9, 8, 7, 9, 10, 1, 6, 4, 7, 8, 7, 5, 6, 9, 6, 10, 9, 2, 5, 5, 6, 3, 8, 4, 7, 6, 9, 5, 6, 7, 12, 10, 9, 8, 7, 7, 8, 11, 8, 10, 9, 6, 5, 9, 10, 5, 6, 6, 5, 6, 9]
buckets are valid
L1: [0, 1, 2, 3, 4, 5, 6, 7, 8, 9, 10, 11, 12, 13, 14, 15, 16, 17, 18, 19, 20, 21, 22, 23, 24, 25, 26, 27, 28, 29, 30, 31, 32, 33, 34, 35, 36, 37, 38, 39, 40, 41, 42, 43, 44, 45, 46, 47, 48, 49, 50, 51, 52, 53, 54, 55, 56, 57, 58, 59, 60, 61, 62, 63, 64, 65, 66, 67, 68, 69, 70, 71, 72, 73, 74, 75, 76, 77, 78, 79, 80, 81, 82, 83, 84, 85, 86, 87, 88, 89, 90, 91, 92, 93, 94, 95, 96, 97, 98, 99, 100, 101, 102, 103, 104, 105, 106, 107, 108, 109, 110, 111, 112, 113, 114, 115, 116, 117, 118, 119, 120, 121, 122, 123, 124, 125, 126, 127, 128, 129, 130, 131, 132, 133, 134, 135, 136, 137, 138, 139, 140, 141, 142, 143, 144, 145, 146, 147, 148, 149, 150, 151, 152, 153, 154, 155, 156, 157, 158, 159, 160, 161, 162, 163, 164, 165, 166, 167, 168, 169, 170, 171, 172, 173, 174, 175, 176, 177, 178, 179, 180, 181, 182, 183, 184, 185, 186, 187, 188, 189, 190, 191, 192, 193, 194, 195, 196, 197, 198, 199, 200, 201, 202, 203, 204, 205, 206, 207, 208, 209, 210, 211, 212, 213, 214, 215, 216, 217, 218, 219, 220, 221, 222, 223, 224, 225, 226, 227, 228, 229, 230, 231, 232, 233, 234, 235, 236, 237, 238, 239, 240, 241, 242, 243, 244, 245, 246, 247, 248, 249, 250, 251, 252, 253, 254, 255]
L2: [0, 1, 2, 3, 4, 5, 6, 7, 8, 9, 10, 11, 12, 13, 14, 15, 16, 17, 18, 19, 20, 21, 22, 23, 24, 25, 26, 27, 28, 29, 30, 31, 32, 33, 34, 35, 36, 37, 38, 39, 40, 41, 42, 43, 44, 45, 46, 47, 48, 49, 50, 51, 52, 53, 54, 55, 56, 57, 58, 59, 60, 61, 62, 63, 64, 65, 66, 67, 68, 69, 70, 71, 72, 73, 74, 75, 76, 77, 78, 79, 80, 81, 82, 83, 84, 85, 86, 87, 88, 89, 90, 91, 92, 93, 94, 95, 96, 97, 98, 99, 100, 101, 102, 103, 104, 105, 106, 107, 108, 109, 110, 111, 112, 113, 114, 115, 116, 117, 118, 119, 120, 121, 122, 123, 124, 125, 126, 127, 128, 129, 130, 131, 132, 133, 134, 135, 136, 137, 138, 139, 140, 141, 142, 143, 144, 145, 146, 147, 148, 149, 150, 151, 152, 153, 154, 155, 156, 157, 158, 159, 160, 161, 162, 163, 164, 165, 166, 167, 168, 169, 170, 171, 172, 173, 174, 175, 176, 177, 178, 179, 180, 181, 182, 183, 184, 185, 186, 187, 188, 189, 190, 191, 192, 193, 194, 195, 196, 197, 198, 199, 200, 201, 202, 203, 204, 205, 206, 207, 208, 209, 210, 211, 212, 213, 214, 215, 216, 217, 218, 219, 220, 221, 222, 223, 224, 225, 226, 227, 228, 229, 230, 231, 232, 233, 234, 235, 236, 237, 238, 239, 240, 241, 242, 243, 244, 245, 246, 247, 248, 249, 250, 251, 252, 253, 254, 255]
A: [0, 0, 0, 0, 0, 0, 0, 0, 0, 0, 0, 0, 0, 0, 0, 0, 0, 0, 0, 0, 0, 0, 0, 0, 0, 0, 0, 0, 0, 0, 0, 0, 0, 0, 0, 0, 0, 0, 0, 0, 0, 0, 0, 0, 0, 0, 0, 0, 0, 0, 0, 0, 0, 0, 0, 0, 0, 0, 0, 0, 0, 0, 0, 0, 0, 0, 0, 0, 0, 0, 0, 0, 0, 0, 0, 0, 0, 0, 0, 0, 0, 0, 0, 0, 0, 0, 0, 0, 0, 0, 0, 0, 0, 0, 0, 0, 0, 0, 0, 0, 0, 0, 0, 0, 0, 0, 0, 0, 0, 0, 0, 0, 0, 0, 0, 0, 0, 0, 0, 0, 0, 0, 0, 0, 0, 0, 0, 0, 0, 0, 0, 0, 0, 0, 0, 0, 0, 0, 0, 0, 0, 0, 0, 0, 0, 0, 0, 0, 0, 0, 0, 0, 0, 0, 0, 0, 0, 0, 0, 0, 0, 0, 0, 0, 0, 0, 0, 0, 0, 0, 0, 0, 0, 0, 0, 0, 0, 0, 0, 0, 0, 0, 0, 0, 0, 0, 0, 0, 0, 0, 0, 0, 0, 0, 0, 0, 0, 0, 0, 0, 0, 0, 0, 0, 0, 0, 0, 0, 0, 0, 0, 0, 0, 0, 0, 0, 0, 0, 0, 0, 0, 0, 0, 0, 0, 0, 0, 0, 0, 0, 0, 0, 0, 0, 0, 0, 0, 0, 0, 0, 0, 0, 0, 0, 0, 0, 0, 0, 0, 0, 0, 0, 0, 0, 0, 0]


