path: all/yuyin2_4676.tt
path: all/yuyin2_4676.tt
buckets_f: [{186, 152, 204, 124}, {196, 11, 224, 159}, {216, 250, 12, 209, 99, 74, 24, 122, 67, 138, 3, 46, 181, 168, 197, 245}, {205, 180, 178, 128, 47, 157, 59, 38, 105, 111, 2, 253, 169, 61, 32, 41, 95, 121}, {33, 30, 142, 215, 222, 243, 231, 117, 110, 179, 65, 252, 81, 195, 151, 69, 10, 76, 62, 193, 5, 254, 14, 172, 238, 60, 174, 149, 23}, {194, 43, 91, 75, 93, 244, 214, 25, 114, 125, 242, 153, 96, 66, 137, 77, 208, 198, 13, 141, 239, 112, 50, 226, 102, 116, 130, 45, 86, 221, 166, 139, 123, 52, 22, 27, 16, 201, 132, 160, 31, 217, 80, 230}, {115, 158, 92, 145, 154, 113, 88, 42, 232, 202, 37, 71, 147, 126, 218, 1, 236, 85, 39, 56, 58, 87, 170, 163, 106, 213, 104, 72, 188, 26, 131, 199, 53, 135, 136, 241, 167, 103, 183, 8, 21, 17, 225, 49}, {246, 240, 162, 164, 144, 57, 251, 212, 48, 6, 70, 187, 235, 18, 171, 134, 173, 63, 176, 64, 146, 127, 98, 210, 20, 237, 34, 54, 15, 109, 148, 175, 249, 203, 36, 155, 89, 107, 9, 100, 255, 189, 150, 4}, {83, 234, 190, 101, 94, 51, 55, 35, 165, 156, 120, 90, 7, 161, 40, 140, 177, 44, 19, 108, 78, 220, 229, 129, 119, 200, 97, 133, 211, 28}, {191, 68, 223, 73, 228, 207, 185, 192, 143, 84, 29, 219, 79, 233, 82, 118}, {184, 227, 206, 248}, {182}, {247}, {0}]
buckets_g: [{186, 204, 152, 124}, {224, 196, 159, 11}, {250, 46, 245, 209, 12, 67, 99, 181, 216, 122, 197, 24, 74, 168, 3, 138}, {253, 41, 2, 32, 47, 178, 111, 61, 38, 95, 169, 205, 180, 105, 59, 128, 157, 121}, {33, 222, 65, 76, 149, 142, 81, 238, 243, 179, 215, 195, 110, 151, 14, 231, 60, 117, 193, 23, 30, 69, 174, 254, 5, 172, 252, 62, 10}, {239, 31, 123, 139, 45, 244, 50, 132, 43, 242, 112, 125, 25, 141, 66, 93, 153, 114, 22, 201, 116, 166, 214, 221, 91, 27, 96, 102, 77, 226, 217, 137, 52, 194, 86, 75, 198, 130, 160, 208, 80, 230, 13, 16}, {71, 58, 236, 188, 145, 131, 199, 225, 154, 158, 232, 8, 85, 218, 135, 170, 1, 49, 147, 115, 72, 21, 167, 163, 183, 92, 241, 136, 88, 106, 87, 17, 113, 104, 103, 213, 37, 26, 56, 39, 42, 202, 126, 53}, {63, 4, 148, 175, 203, 89, 48, 212, 162, 249, 9, 189, 240, 187, 210, 98, 36, 235, 15, 34, 171, 100, 246, 150, 155, 57, 146, 173, 127, 70, 109, 6, 164, 237, 20, 134, 255, 54, 64, 144, 176, 251, 107, 18}, {44, 90, 234, 97, 140, 78, 200, 83, 51, 108, 211, 19, 94, 7, 190, 161, 35, 55, 120, 220, 101, 133, 129, 28, 156, 119, 40, 229, 177, 165}, {228, 192, 118, 219, 84, 29, 68, 79, 233, 73, 185, 223, 143, 82, 191, 207}, {184, 248, 206, 227}, {182}, {247}, {0}]
indices_f: [13, 6, 3, 2, 7, 4, 7, 8, 6, 7, 4, 1, 2, 5, 4, 7, 5, 6, 7, 8, 7, 6, 5, 4, 2, 5, 6, 5, 8, 9, 4, 5, 3, 4, 7, 8, 7, 6, 3, 6, 8, 3, 6, 5, 8, 5, 2, 3, 7, 6, 5, 8, 5, 6, 7, 8, 6, 7, 6, 3, 4, 3, 4, 7, 7, 4, 5, 2, 9, 4, 7, 6, 6, 9, 2, 5, 4, 5, 8, 9, 5, 4, 9, 8, 9, 6, 5, 6, 6, 7, 8, 5, 6, 5, 8, 3, 5, 8, 7, 2, 7, 8, 5, 6, 6, 3, 6, 7, 8, 7, 4, 3, 5, 6, 5, 6, 5, 4, 9, 8, 8, 3, 2, 5, 0, 5, 6, 7, 3, 8, 5, 6, 5, 8, 7, 6, 6, 5, 2, 5, 8, 5, 4, 9, 7, 6, 7, 6, 7, 4, 7, 4, 0, 5, 6, 7, 8, 3, 6, 1, 5, 8, 7, 6, 7, 8, 5, 6, 2, 3, 6, 7, 4, 7, 4, 7, 7, 8, 3, 4, 3, 2, 11, 6, 10, 9, 0, 7, 6, 7, 8, 9, 9, 4, 5, 4, 1, 2, 5, 6, 8, 5, 6, 7, 0, 3, 10, 9, 5, 2, 7, 8, 7, 6, 5, 4, 2, 5, 6, 9, 8, 5, 4, 9, 1, 6, 5, 10, 9, 8, 5, 4, 6, 9, 8, 7, 6, 7, 4, 5, 7, 6, 5, 4, 5, 2, 7, 12, 10, 7, 2, 7, 4, 3, 4, 7]
indices_g: [13, 6, 3, 2, 7, 4, 7, 8, 6, 7, 4, 1, 2, 5, 4, 7, 5, 6, 7, 8, 7, 6, 5, 4, 2, 5, 6, 5, 8, 9, 4, 5, 3, 4, 7, 8, 7, 6, 3, 6, 8, 3, 6, 5, 8, 5, 2, 3, 7, 6, 5, 8, 5, 6, 7, 8, 6, 7, 6, 3, 4, 3, 4, 7, 7, 4, 5, 2, 9, 4, 7, 6, 6, 9, 2, 5, 4, 5, 8, 9, 5, 4, 9, 8, 9, 6, 5, 6, 6, 7, 8, 5, 6, 5, 8, 3, 5, 8, 7, 2, 7, 8, 5, 6, 6, 3, 6, 7, 8, 7, 4, 3, 5, 6, 5, 6, 5, 4, 9, 8, 8, 3, 2, 5, 0, 5, 6, 7, 3, 8, 5, 6, 5, 8, 7, 6, 6, 5, 2, 5, 8, 5, 4, 9, 7, 6, 7, 6, 7, 4, 7, 4, 0, 5, 6, 7, 8, 3, 6, 1, 5, 8, 7, 6, 7, 8, 5, 6, 2, 3, 6, 7, 4, 7, 4, 7, 7, 8, 3, 4, 3, 2, 11, 6, 10, 9, 0, 7, 6, 7, 8, 9, 9, 4, 5, 4, 1, 2, 5, 6, 8, 5, 6, 7, 0, 3, 10, 9, 5, 2, 7, 8, 7, 6, 5, 4, 2, 5, 6, 9, 8, 5, 4, 9, 1, 6, 5, 10, 9, 8, 5, 4, 6, 9, 8, 7, 6, 7, 4, 5, 7, 6, 5, 4, 5, 2, 7, 12, 10, 7, 2, 7, 4, 3, 4, 7]
buckets are valid
L1: [0, 1, 2, 3, 4, 5, 6, 7, 8, 9, 10, 11, 12, 13, 14, 15, 16, 17, 18, 19, 20, 21, 22, 23, 24, 25, 26, 27, 28, 29, 30, 31, 32, 33, 34, 35, 36, 37, 38, 39, 40, 41, 42, 43, 44, 45, 46, 47, 48, 49, 50, 51, 52, 53, 54, 55, 56, 57, 58, 59, 60, 61, 62, 63, 64, 65, 66, 67, 68, 69, 70, 71, 72, 73, 74, 75, 76, 77, 78, 79, 80, 81, 82, 83, 84, 85, 86, 87, 88, 89, 90, 91, 92, 93, 94, 95, 96, 97, 98, 99, 100, 101, 102, 103, 104, 105, 106, 107, 108, 109, 110, 111, 112, 113, 114, 115, 116, 117, 118, 119, 120, 121, 122, 123, 124, 125, 126, 127, 128, 129, 130, 131, 132, 133, 134, 135, 136, 137, 138, 139, 140, 141, 142, 143, 144, 145, 146, 147, 148, 149, 150, 151, 152, 153, 154, 155, 156, 157, 158, 159, 160, 161, 162, 163, 164, 165, 166, 167, 168, 169, 170, 171, 172, 173, 174, 175, 176, 177, 178, 179, 180, 181, 182, 183, 184, 185, 186, 187, 188, 189, 190, 191, 192, 193, 194, 195, 196, 197, 198, 199, 200, 201, 202, 203, 204, 205, 206, 207, 208, 209, 210, 211, 212, 213, 214, 215, 216, 217, 218, 219, 220, 221, 222, 223, 224, 225, 226, 227, 228, 229, 230, 231, 232, 233, 234, 235, 236, 237, 238, 239, 240, 241, 242, 243, 244, 245, 246, 247, 248, 249, 250, 251, 252, 253, 254, 255]
L2: [0, 1, 2, 3, 4, 5, 6, 7, 8, 9, 10, 11, 12, 13, 14, 15, 16, 17, 18, 19, 20, 21, 22, 23, 24, 25, 26, 27, 28, 29, 30, 31, 32, 33, 34, 35, 36, 37, 38, 39, 40, 41, 42, 43, 44, 45, 46, 47, 48, 49, 50, 51, 52, 53, 54, 55, 56, 57, 58, 59, 60, 61, 62, 63, 64, 65, 66, 67, 68, 69, 70, 71, 72, 73, 74, 75, 76, 77, 78, 79, 80, 81, 82, 83, 84, 85, 86, 87, 88, 89, 90, 91, 92, 93, 94, 95, 96, 97, 98, 99, 100, 101, 102, 103, 104, 105, 106, 107, 108, 109, 110, 111, 112, 113, 114, 115, 116, 117, 118, 119, 120, 121, 122, 123, 124, 125, 126, 127, 128, 129, 130, 131, 132, 133, 134, 135, 136, 137, 138, 139, 140, 141, 142, 143, 144, 145, 146, 147, 148, 149, 150, 151, 152, 153, 154, 155, 156, 157, 158, 159, 160, 161, 162, 163, 164, 165, 166, 167, 168, 169, 170, 171, 172, 173, 174, 175, 176, 177, 178, 179, 180, 181, 182, 183, 184, 185, 186, 187, 188, 189, 190, 191, 192, 193, 194, 195, 196, 197, 198, 199, 200, 201, 202, 203, 204, 205, 206, 207, 208, 209, 210, 211, 212, 213, 214, 215, 216, 217, 218, 219, 220, 221, 222, 223, 224, 225, 226, 227, 228, 229, 230, 231, 232, 233, 234, 235, 236, 237, 238, 239, 240, 241, 242, 243, 244, 245, 246, 247, 248, 249, 250, 251, 252, 253, 254, 255]
A: [0, 0, 0, 0, 0, 0, 0, 0, 0, 0, 0, 0, 0, 0, 0, 0, 0, 0, 0, 0, 0, 0, 0, 0, 0, 0, 0, 0, 0, 0, 0, 0, 0, 0, 0, 0, 0, 0, 0, 0, 0, 0, 0, 0, 0, 0, 0, 0, 0, 0, 0, 0, 0, 0, 0, 0, 0, 0, 0, 0, 0, 0, 0, 0, 0, 0, 0, 0, 0, 0, 0, 0, 0, 0, 0, 0, 0, 0, 0, 0, 0, 0, 0, 0, 0, 0, 0, 0, 0, 0, 0, 0, 0, 0, 0, 0, 0, 0, 0, 0, 0, 0, 0, 0, 0, 0, 0, 0, 0, 0, 0, 0, 0, 0, 0, 0, 0, 0, 0, 0, 0, 0, 0, 0, 0, 0, 0, 0, 0, 0, 0, 0, 0, 0, 0, 0, 0, 0, 0, 0, 0, 0, 0, 0, 0, 0, 0, 0, 0, 0, 0, 0, 0, 0, 0, 0, 0, 0, 0, 0, 0, 0, 0, 0, 0, 0, 0, 0, 0, 0, 0, 0, 0, 0, 0, 0, 0, 0, 0, 0, 0, 0, 0, 0, 0, 0, 0, 0, 0, 0, 0, 0, 0, 0, 0, 0, 0, 0, 0, 0, 0, 0, 0, 0, 0, 0, 0, 0, 0, 0, 0, 0, 0, 0, 0, 0, 0, 0, 0, 0, 0, 0, 0, 0, 0, 0, 0, 0, 0, 0, 0, 0, 0, 0, 0, 0, 0, 0, 0, 0, 0, 0, 0, 0, 0, 0, 0, 0, 0, 0, 0, 0, 0, 0, 0, 0]


