path: all/yuyin_8_883.tt
path: all/yuyin_8_883.tt
buckets_f: [{38, 245, 212, 100}, {113, 12, 201, 246, 51}, {255, 5, 169, 102, 40, 120, 233, 148, 36, 196, 192, 79, 56}, {157, 111, 119, 170, 203, 238, 228, 121, 195, 90, 223, 168, 252, 45, 254, 88, 4}, {77, 202, 144, 136, 253, 156, 194, 19, 11, 150, 220, 118, 171, 25, 110, 29, 50, 225, 235, 46, 69, 44, 108, 71, 227, 222, 112, 89, 158, 173, 189, 177, 138, 17}, {109, 107, 99, 103, 207, 72, 215, 217, 149, 101, 16, 174, 182, 39, 2, 190, 213, 159, 74, 47, 162, 115, 57, 188, 49, 28, 127, 226, 41, 80, 221, 22, 232, 86, 234, 70, 139, 151, 240, 26, 123, 14, 37, 24}, {181, 206, 130, 98, 104, 208, 73, 146, 48, 81, 116, 161, 183, 122, 42, 142, 187, 32, 167, 7, 124, 21, 175, 214, 191, 1, 163, 83, 62, 15, 27, 165, 91, 239, 54, 3, 140, 95, 106, 134, 58, 251, 243, 126}, {84, 180, 209, 8, 125, 55, 131, 160, 68, 248, 129, 145, 224, 18, 219, 236, 82, 78, 94, 117, 59, 20, 244, 164, 137, 193, 64, 205, 147, 105, 76, 211, 43, 53, 135, 143, 250, 63, 10, 199, 153, 92, 178, 133}, {198, 210, 216, 154, 229, 93, 218, 67, 65, 152, 132, 75, 87, 128, 179, 185, 200, 13, 85, 231, 249, 247, 34, 237, 96, 52}, {176, 155, 230, 30, 186, 166, 97, 35, 6, 184, 141, 66, 33, 172, 61}, {60, 31, 241, 114, 9, 23, 204}, {242, 197}, {0}]
buckets_g: [{245, 212, 100, 38}, {113, 51, 201, 12, 246}, {56, 120, 192, 196, 5, 255, 233, 79, 169, 148, 40, 102, 36}, {90, 195, 168, 88, 45, 228, 252, 121, 157, 119, 223, 254, 4, 238, 170, 203, 111}, {202, 227, 29, 144, 118, 44, 19, 112, 194, 222, 110, 173, 69, 71, 89, 225, 150, 220, 177, 138, 17, 158, 46, 50, 235, 77, 156, 136, 253, 25, 11, 108, 171, 189}, {26, 99, 37, 240, 107, 232, 123, 213, 28, 221, 234, 217, 103, 207, 57, 127, 41, 226, 86, 101, 162, 190, 22, 188, 14, 115, 2, 215, 182, 70, 139, 80, 47, 16, 151, 24, 159, 109, 39, 174, 49, 74, 72, 149}, {243, 183, 116, 163, 187, 104, 106, 58, 1, 3, 140, 146, 54, 83, 239, 214, 167, 191, 21, 181, 122, 81, 124, 206, 32, 251, 15, 73, 7, 142, 175, 208, 98, 134, 42, 130, 126, 62, 27, 91, 48, 165, 161, 95}, {82, 129, 137, 178, 68, 248, 55, 94, 125, 63, 236, 250, 78, 10, 18, 164, 64, 193, 131, 224, 199, 8, 105, 180, 76, 53, 209, 205, 135, 92, 153, 145, 20, 143, 59, 219, 43, 133, 117, 211, 147, 84, 160, 244}, {75, 185, 132, 200, 85, 152, 52, 231, 198, 154, 65, 179, 128, 210, 34, 216, 229, 218, 247, 13, 87, 67, 93, 237, 249, 96}, {155, 61, 30, 184, 172, 186, 176, 66, 166, 6, 97, 33, 230, 141, 35}, {241, 114, 31, 9, 60, 23, 204}, {242, 197}, {0}]
indices_f: [12, 6, 5, 6, 3, 2, 9, 6, 7, 10, 7, 4, 1, 8, 5, 6, 5, 4, 7, 4, 7, 6, 5, 10, 5, 4, 5, 6, 5, 4, 9, 10, 6, 9, 8, 9, 2, 5, 0, 5, 2, 5, 6, 7, 4, 3, 4, 5, 6, 5, 4, 1, 8, 7, 6, 7, 2, 5, 6, 7, 10, 9, 6, 7, 7, 8, 9, 8, 7, 4, 5, 4, 5, 6, 5, 8, 7, 4, 7, 2, 5, 6, 7, 6, 7, 8, 5, 8, 3, 4, 3, 6, 7, 8, 7, 6, 8, 9, 6, 5, 0, 5, 2, 5, 6, 7, 6, 5, 4, 5, 4, 3, 4, 1, 10, 5, 6, 7, 4, 3, 2, 3, 6, 5, 6, 7, 6, 5, 8, 7, 6, 7, 8, 7, 6, 7, 4, 7, 4, 5, 6, 9, 6, 7, 4, 7, 6, 7, 2, 5, 4, 5, 8, 7, 8, 9, 4, 3, 4, 5, 7, 6, 5, 6, 7, 6, 9, 6, 3, 2, 3, 4, 9, 4, 5, 6, 9, 4, 7, 8, 7, 6, 5, 6, 9, 8, 9, 6, 5, 4, 5, 6, 2, 7, 4, 3, 2, 11, 8, 7, 8, 1, 4, 3, 10, 7, 6, 5, 6, 7, 8, 7, 0, 5, 6, 5, 8, 5, 8, 7, 4, 5, 4, 3, 7, 4, 5, 4, 3, 8, 9, 8, 5, 2, 5, 4, 7, 8, 3, 6, 5, 10, 11, 6, 7, 0, 1, 8, 7, 8, 7, 6, 3, 4, 3, 2]
indices_g: [12, 6, 5, 6, 3, 2, 9, 6, 7, 10, 7, 4, 1, 8, 5, 6, 5, 4, 7, 4, 7, 6, 5, 10, 5, 4, 5, 6, 5, 4, 9, 10, 6, 9, 8, 9, 2, 5, 0, 5, 2, 5, 6, 7, 4, 3, 4, 5, 6, 5, 4, 1, 8, 7, 6, 7, 2, 5, 6, 7, 10, 9, 6, 7, 7, 8, 9, 8, 7, 4, 5, 4, 5, 6, 5, 8, 7, 4, 7, 2, 5, 6, 7, 6, 7, 8, 5, 8, 3, 4, 3, 6, 7, 8, 7, 6, 8, 9, 6, 5, 0, 5, 2, 5, 6, 7, 6, 5, 4, 5, 4, 3, 4, 1, 10, 5, 6, 7, 4, 3, 2, 3, 6, 5, 6, 7, 6, 5, 8, 7, 6, 7, 8, 7, 6, 7, 4, 7, 4, 5, 6, 9, 6, 7, 4, 7, 6, 7, 2, 5, 4, 5, 8, 7, 8, 9, 4, 3, 4, 5, 7, 6, 5, 6, 7, 6, 9, 6, 3, 2, 3, 4, 9, 4, 5, 6, 9, 4, 7, 8, 7, 6, 5, 6, 9, 8, 9, 6, 5, 4, 5, 6, 2, 7, 4, 3, 2, 11, 8, 7, 8, 1, 4, 3, 10, 7, 6, 5, 6, 7, 8, 7, 0, 5, 6, 5, 8, 5, 8, 7, 4, 5, 4, 3, 7, 4, 5, 4, 3, 8, 9, 8, 5, 2, 5, 4, 7, 8, 3, 6, 5, 10, 11, 6, 7, 0, 1, 8, 7, 8, 7, 6, 3, 4, 3, 2]
buckets are valid
L1: [0, 1, 2, 3, 4, 5, 6, 7, 8, 9, 10, 11, 12, 13, 14, 15, 16, 17, 18, 19, 20, 21, 22, 23, 24, 25, 26, 27, 28, 29, 30, 31, 32, 33, 34, 35, 36, 37, 38, 39, 40, 41, 42, 43, 44, 45, 46, 47, 48, 49, 50, 51, 52, 53, 54, 55, 56, 57, 58, 59, 60, 61, 62, 63, 64, 65, 66, 67, 68, 69, 70, 71, 72, 73, 74, 75, 76, 77, 78, 79, 80, 81, 82, 83, 84, 85, 86, 87, 88, 89, 90, 91, 92, 93, 94, 95, 96, 97, 98, 99, 100, 101, 102, 103, 104, 105, 106, 107, 108, 109, 110, 111, 112, 113, 114, 115, 116, 117, 118, 119, 120, 121, 122, 123, 124, 125, 126, 127, 128, 129, 130, 131, 132, 133, 134, 135, 136, 137, 138, 139, 140, 141, 142, 143, 144, 145, 146, 147, 148, 149, 150, 151, 152, 153, 154, 155, 156, 157, 158, 159, 160, 161, 162, 163, 164, 165, 166, 167, 168, 169, 170, 171, 172, 173, 174, 175, 176, 177, 178, 179, 180, 181, 182, 183, 184, 185, 186, 187, 188, 189, 190, 191, 192, 193, 194, 195, 196, 197, 198, 199, 200, 201, 202, 203, 204, 205, 206, 207, 208, 209, 210, 211, 212, 213, 214, 215, 216, 217, 218, 219, 220, 221, 222, 223, 224, 225, 226, 227, 228, 229, 230, 231, 232, 233, 234, 235, 236, 237, 238, 239, 240, 241, 242, 243, 244, 245, 246, 247, 248, 249, 250, 251, 252, 253, 254, 255]
L2: [0, 1, 2, 3, 4, 5, 6, 7, 8, 9, 10, 11, 12, 13, 14, 15, 16, 17, 18, 19, 20, 21, 22, 23, 24, 25, 26, 27, 28, 29, 30, 31, 32, 33, 34, 35, 36, 37, 38, 39, 40, 41, 42, 43, 44, 45, 46, 47, 48, 49, 50, 51, 52, 53, 54, 55, 56, 57, 58, 59, 60, 61, 62, 63, 64, 65, 66, 67, 68, 69, 70, 71, 72, 73, 74, 75, 76, 77, 78, 79, 80, 81, 82, 83, 84, 85, 86, 87, 88, 89, 90, 91, 92, 93, 94, 95, 96, 97, 98, 99, 100, 101, 102, 103, 104, 105, 106, 107, 108, 109, 110, 111, 112, 113, 114, 115, 116, 117, 118, 119, 120, 121, 122, 123, 124, 125, 126, 127, 128, 129, 130, 131, 132, 133, 134, 135, 136, 137, 138, 139, 140, 141, 142, 143, 144, 145, 146, 147, 148, 149, 150, 151, 152, 153, 154, 155, 156, 157, 158, 159, 160, 161, 162, 163, 164, 165, 166, 167, 168, 169, 170, 171, 172, 173, 174, 175, 176, 177, 178, 179, 180, 181, 182, 183, 184, 185, 186, 187, 188, 189, 190, 191, 192, 193, 194, 195, 196, 197, 198, 199, 200, 201, 202, 203, 204, 205, 206, 207, 208, 209, 210, 211, 212, 213, 214, 215, 216, 217, 218, 219, 220, 221, 222, 223, 224, 225, 226, 227, 228, 229, 230, 231, 232, 233, 234, 235, 236, 237, 238, 239, 240, 241, 242, 243, 244, 245, 246, 247, 248, 249, 250, 251, 252, 253, 254, 255]
A: [0, 0, 0, 0, 0, 0, 0, 0, 0, 0, 0, 0, 0, 0, 0, 0, 0, 0, 0, 0, 0, 0, 0, 0, 0, 0, 0, 0, 0, 0, 0, 0, 0, 0, 0, 0, 0, 0, 0, 0, 0, 0, 0, 0, 0, 0, 0, 0, 0, 0, 0, 0, 0, 0, 0, 0, 0, 0, 0, 0, 0, 0, 0, 0, 0, 0, 0, 0, 0, 0, 0, 0, 0, 0, 0, 0, 0, 0, 0, 0, 0, 0, 0, 0, 0, 0, 0, 0, 0, 0, 0, 0, 0, 0, 0, 0, 0, 0, 0, 0, 0, 0, 0, 0, 0, 0, 0, 0, 0, 0, 0, 0, 0, 0, 0, 0, 0, 0, 0, 0, 0, 0, 0, 0, 0, 0, 0, 0, 0, 0, 0, 0, 0, 0, 0, 0, 0, 0, 0, 0, 0, 0, 0, 0, 0, 0, 0, 0, 0, 0, 0, 0, 0, 0, 0, 0, 0, 0, 0, 0, 0, 0, 0, 0, 0, 0, 0, 0, 0, 0, 0, 0, 0, 0, 0, 0, 0, 0, 0, 0, 0, 0, 0, 0, 0, 0, 0, 0, 0, 0, 0, 0, 0, 0, 0, 0, 0, 0, 0, 0, 0, 0, 0, 0, 0, 0, 0, 0, 0, 0, 0, 0, 0, 0, 0, 0, 0, 0, 0, 0, 0, 0, 0, 0, 0, 0, 0, 0, 0, 0, 0, 0, 0, 0, 0, 0, 0, 0, 0, 0, 0, 0, 0, 0, 0, 0, 0, 0, 0, 0, 0, 0, 0, 0, 0, 0]


