path: all/yuyin2_264.tt
path: all/yuyin2_264.tt
buckets_f: [{254, 232}, {73}, {141, 203, 46, 59, 30, 62}, {181, 172, 195, 204, 21, 149, 202, 150, 234, 170, 9, 192, 12, 37, 105, 117, 154, 127, 51, 108, 118, 227, 15, 111, 223}, {68, 14, 162, 167, 151, 241, 24, 110, 120, 194, 196, 189, 210, 39, 145, 45, 116, 125, 98, 168, 136, 23, 8, 158, 206, 193, 20, 183, 109, 55, 139, 36, 71, 4, 199, 148, 49, 129}, {54, 115, 255, 179, 169, 3, 92, 95, 35, 112, 89, 80, 239, 229, 19, 133, 99, 124, 57, 25, 140, 211, 44, 76, 153, 201, 64, 217, 185, 63, 128, 48, 5, 101, 16, 32, 90, 175, 214, 249, 67, 143, 236, 159, 86, 28}, {1, 216, 97, 238, 177, 180, 94, 56, 205, 84, 93, 219, 157, 65, 226, 135, 33, 52, 253, 91, 173, 237, 43, 212, 75, 61, 113, 251, 155, 123, 78, 171, 114, 7, 142, 126, 184, 88, 187, 209, 66, 17, 18, 50, 231, 27}, {38, 220, 22, 122, 31, 163, 245, 53, 70, 156, 165, 47, 74, 102, 246, 197, 106, 208, 138, 166, 6, 250, 176, 144, 83, 230, 147, 137, 69, 160, 213, 233, 243, 191, 131, 134, 10, 198, 79, 240, 96, 188, 85, 42, 26, 252}, {77, 2, 221, 29, 107, 247, 225, 104, 81, 164, 190, 244, 174, 100, 13, 40, 152, 119, 87, 222, 242, 235, 200, 228, 11, 146, 72, 161, 215, 178, 248, 132}, {41, 207, 218, 186, 182, 58, 224, 121, 60}, {103, 34, 130, 82}, {0}]
buckets_g: [{254, 232}, {73}, {62, 141, 59, 203, 46, 30}, {118, 105, 150, 234, 108, 195, 21, 37, 227, 117, 204, 111, 15, 127, 12, 149, 51, 154, 181, 9, 172, 202, 170, 223, 192}, {151, 110, 158, 49, 241, 109, 162, 36, 189, 168, 20, 8, 4, 206, 167, 23, 14, 120, 24, 136, 196, 199, 210, 129, 68, 139, 145, 71, 55, 193, 98, 183, 125, 148, 39, 194, 45, 116}, {44, 214, 217, 101, 57, 92, 32, 67, 63, 64, 159, 179, 255, 115, 143, 128, 140, 236, 211, 153, 16, 35, 133, 95, 99, 249, 169, 89, 229, 76, 5, 201, 86, 48, 28, 175, 54, 25, 239, 185, 124, 90, 112, 80, 3, 19}, {212, 94, 50, 184, 114, 52, 97, 237, 157, 209, 216, 238, 135, 113, 171, 56, 231, 84, 1, 177, 91, 126, 123, 155, 7, 251, 205, 219, 61, 75, 27, 142, 93, 173, 33, 78, 43, 187, 253, 18, 17, 226, 66, 88, 65, 180}, {53, 250, 160, 69, 147, 137, 134, 240, 106, 122, 70, 131, 22, 26, 245, 47, 243, 230, 233, 144, 252, 246, 85, 79, 197, 213, 31, 208, 156, 166, 163, 83, 10, 102, 138, 74, 176, 191, 220, 96, 6, 198, 42, 165, 38, 188}, {2, 225, 152, 11, 81, 40, 146, 100, 29, 174, 104, 244, 107, 13, 221, 164, 161, 228, 119, 87, 242, 215, 248, 77, 200, 247, 190, 222, 178, 132, 72, 235}, {224, 207, 58, 218, 186, 182, 60, 121, 41}, {82, 103, 130, 34}, {0}]
indices_f: [11, 6, 8, 5, 4, 5, 7, 6, 4, 3, 7, 8, 3, 8, 4, 3, 5, 6, 6, 5, 4, 3, 7, 4, 4, 5, 7, 6, 5, 8, 2, 7, 5, 6, 10, 5, 4, 3, 7, 4, 8, 9, 7, 6, 5, 4, 2, 7, 5, 4, 6, 3, 6, 7, 5, 4, 6, 5, 9, 2, 9, 6, 2, 5, 5, 6, 6, 5, 4, 7, 7, 4, 8, 1, 7, 6, 5, 8, 6, 7, 5, 8, 10, 7, 6, 7, 5, 8, 6, 5, 5, 6, 5, 6, 6, 5, 7, 6, 4, 5, 8, 5, 7, 10, 8, 3, 7, 8, 3, 4, 4, 3, 5, 6, 6, 5, 4, 3, 3, 8, 4, 9, 7, 6, 5, 4, 6, 3, 5, 4, 10, 7, 8, 5, 7, 6, 4, 7, 7, 4, 5, 2, 6, 5, 7, 4, 8, 7, 4, 3, 3, 4, 8, 5, 3, 6, 7, 6, 4, 5, 7, 8, 4, 7, 8, 7, 7, 4, 4, 5, 3, 6, 3, 6, 8, 5, 7, 6, 8, 5, 6, 3, 9, 4, 6, 5, 9, 6, 7, 4, 8, 7, 3, 4, 4, 3, 4, 7, 7, 4, 8, 5, 3, 2, 3, 6, 4, 9, 7, 6, 4, 5, 6, 7, 5, 8, 6, 5, 9, 6, 7, 8, 8, 3, 9, 8, 6, 3, 8, 5, 7, 6, 0, 7, 3, 8, 5, 6, 6, 5, 7, 4, 8, 7, 8, 7, 7, 8, 8, 5, 7, 6, 7, 6, 0, 5]
indices_g: [11, 6, 8, 5, 4, 5, 7, 6, 4, 3, 7, 8, 3, 8, 4, 3, 5, 6, 6, 5, 4, 3, 7, 4, 4, 5, 7, 6, 5, 8, 2, 7, 5, 6, 10, 5, 4, 3, 7, 4, 8, 9, 7, 6, 5, 4, 2, 7, 5, 4, 6, 3, 6, 7, 5, 4, 6, 5, 9, 2, 9, 6, 2, 5, 5, 6, 6, 5, 4, 7, 7, 4, 8, 1, 7, 6, 5, 8, 6, 7, 5, 8, 10, 7, 6, 7, 5, 8, 6, 5, 5, 6, 5, 6, 6, 5, 7, 6, 4, 5, 8, 5, 7, 10, 8, 3, 7, 8, 3, 4, 4, 3, 5, 6, 6, 5, 4, 3, 3, 8, 4, 9, 7, 6, 5, 4, 6, 3, 5, 4, 10, 7, 8, 5, 7, 6, 4, 7, 7, 4, 5, 2, 6, 5, 7, 4, 8, 7, 4, 3, 3, 4, 8, 5, 3, 6, 7, 6, 4, 5, 7, 8, 4, 7, 8, 7, 7, 4, 4, 5, 3, 6, 3, 6, 8, 5, 7, 6, 8, 5, 6, 3, 9, 4, 6, 5, 9, 6, 7, 4, 8, 7, 3, 4, 4, 3, 4, 7, 7, 4, 8, 5, 3, 2, 3, 6, 4, 9, 7, 6, 4, 5, 6, 7, 5, 8, 6, 5, 9, 6, 7, 8, 8, 3, 9, 8, 6, 3, 8, 5, 7, 6, 0, 7, 3, 8, 5, 6, 6, 5, 7, 4, 8, 7, 8, 7, 7, 8, 8, 5, 7, 6, 7, 6, 0, 5]
buckets are valid
L1: [0, 1, 2, 3, 4, 5, 6, 7, 8, 9, 10, 11, 12, 13, 14, 15, 16, 17, 18, 19, 20, 21, 22, 23, 24, 25, 26, 27, 28, 29, 30, 31, 32, 33, 34, 35, 36, 37, 38, 39, 40, 41, 42, 43, 44, 45, 46, 47, 48, 49, 50, 51, 52, 53, 54, 55, 56, 57, 58, 59, 60, 61, 62, 63, 64, 65, 66, 67, 68, 69, 70, 71, 72, 73, 74, 75, 76, 77, 78, 79, 80, 81, 82, 83, 84, 85, 86, 87, 88, 89, 90, 91, 92, 93, 94, 95, 96, 97, 98, 99, 100, 101, 102, 103, 104, 105, 106, 107, 108, 109, 110, 111, 112, 113, 114, 115, 116, 117, 118, 119, 120, 121, 122, 123, 124, 125, 126, 127, 128, 129, 130, 131, 132, 133, 134, 135, 136, 137, 138, 139, 140, 141, 142, 143, 144, 145, 146, 147, 148, 149, 150, 151, 152, 153, 154, 155, 156, 157, 158, 159, 160, 161, 162, 163, 164, 165, 166, 167, 168, 169, 170, 171, 172, 173, 174, 175, 176, 177, 178, 179, 180, 181, 182, 183, 184, 185, 186, 187, 188, 189, 190, 191, 192, 193, 194, 195, 196, 197, 198, 199, 200, 201, 202, 203, 204, 205, 206, 207, 208, 209, 210, 211, 212, 213, 214, 215, 216, 217, 218, 219, 220, 221, 222, 223, 224, 225, 226, 227, 228, 229, 230, 231, 232, 233, 234, 235, 236, 237, 238, 239, 240, 241, 242, 243, 244, 245, 246, 247, 248, 249, 250, 251, 252, 253, 254, 255]
L2: [0, 1, 2, 3, 4, 5, 6, 7, 8, 9, 10, 11, 12, 13, 14, 15, 16, 17, 18, 19, 20, 21, 22, 23, 24, 25, 26, 27, 28, 29, 30, 31, 32, 33, 34, 35, 36, 37, 38, 39, 40, 41, 42, 43, 44, 45, 46, 47, 48, 49, 50, 51, 52, 53, 54, 55, 56, 57, 58, 59, 60, 61, 62, 63, 64, 65, 66, 67, 68, 69, 70, 71, 72, 73, 74, 75, 76, 77, 78, 79, 80, 81, 82, 83, 84, 85, 86, 87, 88, 89, 90, 91, 92, 93, 94, 95, 96, 97, 98, 99, 100, 101, 102, 103, 104, 105, 106, 107, 108, 109, 110, 111, 112, 113, 114, 115, 116, 117, 118, 119, 120, 121, 122, 123, 124, 125, 126, 127, 128, 129, 130, 131, 132, 133, 134, 135, 136, 137, 138, 139, 140, 141, 142, 143, 144, 145, 146, 147, 148, 149, 150, 151, 152, 153, 154, 155, 156, 157, 158, 159, 160, 161, 162, 163, 164, 165, 166, 167, 168, 169, 170, 171, 172, 173, 174, 175, 176, 177, 178, 179, 180, 181, 182, 183, 184, 185, 186, 187, 188, 189, 190, 191, 192, 193, 194, 195, 196, 197, 198, 199, 200, 201, 202, 203, 204, 205, 206, 207, 208, 209, 210, 211, 212, 213, 214, 215, 216, 217, 218, 219, 220, 221, 222, 223, 224, 225, 226, 227, 228, 229, 230, 231, 232, 233, 234, 235, 236, 237, 238, 239, 240, 241, 242, 243, 244, 245, 246, 247, 248, 249, 250, 251, 252, 253, 254, 255]
A: [0, 0, 0, 0, 0, 0, 0, 0, 0, 0, 0, 0, 0, 0, 0, 0, 0, 0, 0, 0, 0, 0, 0, 0, 0, 0, 0, 0, 0, 0, 0, 0, 0, 0, 0, 0, 0, 0, 0, 0, 0, 0, 0, 0, 0, 0, 0, 0, 0, 0, 0, 0, 0, 0, 0, 0, 0, 0, 0, 0, 0, 0, 0, 0, 0, 0, 0, 0, 0, 0, 0, 0, 0, 0, 0, 0, 0, 0, 0, 0, 0, 0, 0, 0, 0, 0, 0, 0, 0, 0, 0, 0, 0, 0, 0, 0, 0, 0, 0, 0, 0, 0, 0, 0, 0, 0, 0, 0, 0, 0, 0, 0, 0, 0, 0, 0, 0, 0, 0, 0, 0, 0, 0, 0, 0, 0, 0, 0, 0, 0, 0, 0, 0, 0, 0, 0, 0, 0, 0, 0, 0, 0, 0, 0, 0, 0, 0, 0, 0, 0, 0, 0, 0, 0, 0, 0, 0, 0, 0, 0, 0, 0, 0, 0, 0, 0, 0, 0, 0, 0, 0, 0, 0, 0, 0, 0, 0, 0, 0, 0, 0, 0, 0, 0, 0, 0, 0, 0, 0, 0, 0, 0, 0, 0, 0, 0, 0, 0, 0, 0, 0, 0, 0, 0, 0, 0, 0, 0, 0, 0, 0, 0, 0, 0, 0, 0, 0, 0, 0, 0, 0, 0, 0, 0, 0, 0, 0, 0, 0, 0, 0, 0, 0, 0, 0, 0, 0, 0, 0, 0, 0, 0, 0, 0, 0, 0, 0, 0, 0, 0, 0, 0, 0, 0, 0, 0]


