path: all/yuyin_8_7612.tt
path: all/yuyin_8_7612.tt
buckets_f: [{187, 33}, {141, 102, 172, 203, 68, 32, 204, 24, 243, 20}, {146, 143, 34, 205, 193, 157, 215, 121, 46, 69, 166, 48, 45, 245, 140, 15, 179, 87, 11}, {218, 75, 2, 97, 199, 101, 93, 168, 50, 255, 238, 9, 189, 116, 186, 225, 252, 67, 192, 120, 209, 10, 164, 36, 230, 159, 28, 171, 213, 23, 244, 190, 5, 155, 127, 137, 234, 151, 94, 13, 160, 181, 233, 14}, {77, 51, 84, 21, 132, 150, 165, 104, 246, 99, 95, 139, 136, 78, 114, 253, 145, 91, 194, 38, 184, 83, 55, 212, 231, 66, 29, 128, 176, 92, 174, 220, 242, 223, 70, 197, 107, 208, 30, 183, 191, 17, 117, 188}, {175, 133, 210, 207, 47, 142, 247, 16, 53, 27, 214, 177, 226, 248, 64, 39, 147, 109, 79, 98, 251, 40, 44, 195, 163, 49, 61, 119, 196, 85, 148, 221, 182, 222, 167, 1, 62, 43, 129, 76, 82, 112, 200, 229}, {22, 74, 26, 73, 232, 18, 25, 201, 135, 37, 239, 111, 113, 131, 169, 52, 153, 8, 241, 250, 12, 80, 59, 227, 149, 216, 202, 108, 198, 125, 236, 41, 56, 122, 7, 170, 118, 219, 65, 235, 180, 211, 96, 162, 154, 206, 249, 126, 228, 42}, {35, 90, 217, 31, 124, 240, 58, 19, 86, 138, 134, 57, 115, 178, 105, 81, 152, 71, 156, 72, 185, 237, 54, 130, 123, 89, 144, 106}, {63, 4, 161, 224, 103, 60, 173, 254, 88, 3}, {6, 110}, {158, 100}, {0}]
buckets_g: [{33, 187}, {20, 243, 141, 32, 203, 204, 24, 102, 68, 172}, {34, 146, 179, 46, 121, 215, 140, 87, 193, 245, 205, 15, 143, 157, 69, 45, 11, 166, 48}, {255, 238, 28, 155, 209, 127, 190, 168, 5, 244, 181, 225, 151, 97, 137, 67, 14, 199, 120, 9, 10, 101, 159, 230, 233, 160, 50, 94, 218, 164, 36, 234, 171, 252, 213, 23, 192, 189, 186, 13, 93, 75, 116, 2}, {208, 91, 223, 184, 55, 139, 107, 78, 51, 150, 197, 114, 212, 220, 92, 174, 191, 30, 38, 231, 70, 17, 84, 188, 117, 66, 77, 95, 145, 136, 29, 246, 194, 99, 21, 242, 128, 132, 165, 176, 253, 183, 104, 83}, {16, 226, 79, 247, 98, 251, 163, 210, 214, 27, 133, 207, 177, 196, 76, 142, 200, 109, 85, 47, 167, 61, 248, 229, 62, 221, 82, 44, 182, 112, 195, 39, 129, 175, 49, 53, 148, 222, 64, 40, 119, 1, 147, 43}, {56, 232, 211, 118, 96, 125, 37, 113, 74, 8, 206, 219, 18, 250, 131, 216, 241, 12, 153, 7, 170, 59, 25, 122, 111, 239, 235, 80, 73, 169, 202, 42, 198, 149, 22, 162, 201, 228, 249, 41, 180, 135, 108, 65, 236, 52, 26, 227, 154, 126}, {217, 130, 81, 105, 72, 237, 89, 31, 123, 185, 19, 156, 71, 58, 138, 152, 54, 124, 57, 240, 86, 106, 35, 178, 144, 134, 90, 115}, {173, 254, 4, 161, 103, 60, 88, 63, 3, 224}, {110, 6}, {158, 100}, {0}]
indices_f: [11, 5, 3, 8, 8, 3, 9, 6, 6, 3, 3, 2, 6, 3, 3, 2, 5, 4, 6, 7, 1, 4, 6, 3, 1, 6, 6, 5, 3, 4, 4, 7, 1, 0, 2, 7, 3, 6, 4, 5, 5, 6, 6, 5, 5, 2, 2, 5, 2, 5, 3, 4, 6, 5, 7, 4, 6, 7, 7, 6, 8, 5, 5, 8, 5, 6, 4, 3, 1, 2, 4, 7, 7, 6, 6, 3, 5, 4, 4, 5, 6, 7, 5, 4, 4, 5, 7, 2, 8, 7, 7, 4, 4, 3, 3, 4, 6, 3, 5, 4, 10, 3, 1, 8, 4, 7, 7, 4, 6, 5, 9, 6, 5, 6, 4, 7, 3, 4, 6, 5, 3, 2, 6, 7, 7, 6, 6, 3, 4, 5, 7, 6, 4, 5, 7, 6, 4, 3, 7, 4, 2, 1, 5, 2, 7, 4, 2, 5, 5, 6, 4, 3, 7, 6, 6, 3, 7, 2, 10, 3, 3, 8, 6, 5, 3, 4, 2, 5, 3, 6, 6, 3, 1, 8, 4, 5, 4, 5, 7, 2, 6, 3, 5, 4, 4, 7, 3, 0, 4, 3, 3, 4, 3, 2, 4, 5, 5, 4, 6, 3, 5, 6, 6, 1, 1, 2, 6, 5, 4, 3, 5, 6, 4, 3, 5, 2, 6, 7, 3, 6, 4, 5, 5, 4, 8, 3, 5, 6, 6, 5, 3, 4, 6, 3, 3, 6, 6, 7, 3, 6, 7, 6, 4, 1, 3, 2, 4, 5, 5, 6, 6, 5, 3, 4, 8, 3]
indices_g: [11, 5, 3, 8, 8, 3, 9, 6, 6, 3, 3, 2, 6, 3, 3, 2, 5, 4, 6, 7, 1, 4, 6, 3, 1, 6, 6, 5, 3, 4, 4, 7, 1, 0, 2, 7, 3, 6, 4, 5, 5, 6, 6, 5, 5, 2, 2, 5, 2, 5, 3, 4, 6, 5, 7, 4, 6, 7, 7, 6, 8, 5, 5, 8, 5, 6, 4, 3, 1, 2, 4, 7, 7, 6, 6, 3, 5, 4, 4, 5, 6, 7, 5, 4, 4, 5, 7, 2, 8, 7, 7, 4, 4, 3, 3, 4, 6, 3, 5, 4, 10, 3, 1, 8, 4, 7, 7, 4, 6, 5, 9, 6, 5, 6, 4, 7, 3, 4, 6, 5, 3, 2, 6, 7, 7, 6, 6, 3, 4, 5, 7, 6, 4, 5, 7, 6, 4, 3, 7, 4, 2, 1, 5, 2, 7, 4, 2, 5, 5, 6, 4, 3, 7, 6, 6, 3, 7, 2, 10, 3, 3, 8, 6, 5, 3, 4, 2, 5, 3, 6, 6, 3, 1, 8, 4, 5, 4, 5, 7, 2, 6, 3, 5, 4, 4, 7, 3, 0, 4, 3, 3, 4, 3, 2, 4, 5, 5, 4, 6, 3, 5, 6, 6, 1, 1, 2, 6, 5, 4, 3, 5, 6, 4, 3, 5, 2, 6, 7, 3, 6, 4, 5, 5, 4, 8, 3, 5, 6, 6, 5, 3, 4, 6, 3, 3, 6, 6, 7, 3, 6, 7, 6, 4, 1, 3, 2, 4, 5, 5, 6, 6, 5, 3, 4, 8, 3]
buckets are valid
L1: [0, 1, 2, 3, 4, 5, 6, 7, 8, 9, 10, 11, 12, 13, 14, 15, 16, 17, 18, 19, 20, 21, 22, 23, 24, 25, 26, 27, 28, 29, 30, 31, 32, 33, 34, 35, 36, 37, 38, 39, 40, 41, 42, 43, 44, 45, 46, 47, 48, 49, 50, 51, 52, 53, 54, 55, 56, 57, 58, 59, 60, 61, 62, 63, 64, 65, 66, 67, 68, 69, 70, 71, 72, 73, 74, 75, 76, 77, 78, 79, 80, 81, 82, 83, 84, 85, 86, 87, 88, 89, 90, 91, 92, 93, 94, 95, 96, 97, 98, 99, 100, 101, 102, 103, 104, 105, 106, 107, 108, 109, 110, 111, 112, 113, 114, 115, 116, 117, 118, 119, 120, 121, 122, 123, 124, 125, 126, 127, 128, 129, 130, 131, 132, 133, 134, 135, 136, 137, 138, 139, 140, 141, 142, 143, 144, 145, 146, 147, 148, 149, 150, 151, 152, 153, 154, 155, 156, 157, 158, 159, 160, 161, 162, 163, 164, 165, 166, 167, 168, 169, 170, 171, 172, 173, 174, 175, 176, 177, 178, 179, 180, 181, 182, 183, 184, 185, 186, 187, 188, 189, 190, 191, 192, 193, 194, 195, 196, 197, 198, 199, 200, 201, 202, 203, 204, 205, 206, 207, 208, 209, 210, 211, 212, 213, 214, 215, 216, 217, 218, 219, 220, 221, 222, 223, 224, 225, 226, 227, 228, 229, 230, 231, 232, 233, 234, 235, 236, 237, 238, 239, 240, 241, 242, 243, 244, 245, 246, 247, 248, 249, 250, 251, 252, 253, 254, 255]
L2: [0, 1, 2, 3, 4, 5, 6, 7, 8, 9, 10, 11, 12, 13, 14, 15, 16, 17, 18, 19, 20, 21, 22, 23, 24, 25, 26, 27, 28, 29, 30, 31, 32, 33, 34, 35, 36, 37, 38, 39, 40, 41, 42, 43, 44, 45, 46, 47, 48, 49, 50, 51, 52, 53, 54, 55, 56, 57, 58, 59, 60, 61, 62, 63, 64, 65, 66, 67, 68, 69, 70, 71, 72, 73, 74, 75, 76, 77, 78, 79, 80, 81, 82, 83, 84, 85, 86, 87, 88, 89, 90, 91, 92, 93, 94, 95, 96, 97, 98, 99, 100, 101, 102, 103, 104, 105, 106, 107, 108, 109, 110, 111, 112, 113, 114, 115, 116, 117, 118, 119, 120, 121, 122, 123, 124, 125, 126, 127, 128, 129, 130, 131, 132, 133, 134, 135, 136, 137, 138, 139, 140, 141, 142, 143, 144, 145, 146, 147, 148, 149, 150, 151, 152, 153, 154, 155, 156, 157, 158, 159, 160, 161, 162, 163, 164, 165, 166, 167, 168, 169, 170, 171, 172, 173, 174, 175, 176, 177, 178, 179, 180, 181, 182, 183, 184, 185, 186, 187, 188, 189, 190, 191, 192, 193, 194, 195, 196, 197, 198, 199, 200, 201, 202, 203, 204, 205, 206, 207, 208, 209, 210, 211, 212, 213, 214, 215, 216, 217, 218, 219, 220, 221, 222, 223, 224, 225, 226, 227, 228, 229, 230, 231, 232, 233, 234, 235, 236, 237, 238, 239, 240, 241, 242, 243, 244, 245, 246, 247, 248, 249, 250, 251, 252, 253, 254, 255]
A: [0, 0, 0, 0, 0, 0, 0, 0, 0, 0, 0, 0, 0, 0, 0, 0, 0, 0, 0, 0, 0, 0, 0, 0, 0, 0, 0, 0, 0, 0, 0, 0, 0, 0, 0, 0, 0, 0, 0, 0, 0, 0, 0, 0, 0, 0, 0, 0, 0, 0, 0, 0, 0, 0, 0, 0, 0, 0, 0, 0, 0, 0, 0, 0, 0, 0, 0, 0, 0, 0, 0, 0, 0, 0, 0, 0, 0, 0, 0, 0, 0, 0, 0, 0, 0, 0, 0, 0, 0, 0, 0, 0, 0, 0, 0, 0, 0, 0, 0, 0, 0, 0, 0, 0, 0, 0, 0, 0, 0, 0, 0, 0, 0, 0, 0, 0, 0, 0, 0, 0, 0, 0, 0, 0, 0, 0, 0, 0, 0, 0, 0, 0, 0, 0, 0, 0, 0, 0, 0, 0, 0, 0, 0, 0, 0, 0, 0, 0, 0, 0, 0, 0, 0, 0, 0, 0, 0, 0, 0, 0, 0, 0, 0, 0, 0, 0, 0, 0, 0, 0, 0, 0, 0, 0, 0, 0, 0, 0, 0, 0, 0, 0, 0, 0, 0, 0, 0, 0, 0, 0, 0, 0, 0, 0, 0, 0, 0, 0, 0, 0, 0, 0, 0, 0, 0, 0, 0, 0, 0, 0, 0, 0, 0, 0, 0, 0, 0, 0, 0, 0, 0, 0, 0, 0, 0, 0, 0, 0, 0, 0, 0, 0, 0, 0, 0, 0, 0, 0, 0, 0, 0, 0, 0, 0, 0, 0, 0, 0, 0, 0, 0, 0, 0, 0, 0, 0]


