path: all/yuyin2_2267.tt
path: all/yuyin2_2267.tt
buckets_f: [{9, 61, 129}, {118, 26, 210, 89, 166, 1, 46, 183, 187, 207}, {141, 55, 123, 162, 196, 84, 70, 96, 223, 35, 108, 203, 173, 153, 130}, {77, 148, 233, 189, 117, 28, 197, 25, 68, 72, 227, 202, 146, 163, 184, 234, 8, 51, 170, 172, 230, 221, 121, 175, 158, 134, 75, 92, 45, 151, 107, 115, 133, 229, 222, 248, 80, 100, 63, 53, 137, 219, 180, 165}, {30, 94, 200, 24, 37, 213, 38, 193, 206, 150, 59, 147, 116, 139, 106, 132, 167, 205, 114, 168, 6, 135, 231, 56, 41, 217, 120, 179, 249, 194, 176, 237, 91, 142, 136, 82, 186, 79, 243, 88, 211, 32, 232, 228, 29, 49, 250, 149}, {4, 109, 157, 97, 145, 169, 253, 33, 98, 83, 209, 11, 177, 241, 57, 95, 239, 19, 201, 40, 43, 178, 78, 127, 122, 216, 2, 48, 14, 103, 152, 140, 198, 155, 36, 110, 90, 58, 192, 124, 65, 195, 247, 204, 212, 244, 131, 13}, {246, 102, 99, 119, 5, 12, 62, 17, 214, 171, 191, 161, 76, 3, 15, 50, 52, 73, 252, 74, 23, 174, 44, 10, 188, 105, 181, 93, 81, 185, 111, 225, 144, 220, 87, 154, 245, 125, 126, 238, 67, 164, 27, 218, 156, 18, 240, 69}, {251, 66, 215, 31, 54, 254, 143, 34, 112, 85, 21, 236, 7, 71, 128, 190, 138, 160, 242, 86}, {64, 159, 101, 235, 226, 42, 20, 47, 208, 182, 113, 199, 255}, {22, 39, 224, 60, 104, 16}, {0}]
buckets_g: [{61, 129, 9}, {210, 187, 118, 166, 1, 26, 89, 183, 46, 207}, {96, 153, 223, 162, 141, 203, 123, 55, 84, 35, 108, 173, 130, 70, 196}, {229, 77, 51, 222, 189, 248, 80, 45, 148, 234, 68, 175, 8, 117, 172, 221, 184, 137, 121, 53, 146, 100, 63, 163, 92, 28, 180, 151, 197, 165, 227, 158, 107, 72, 219, 133, 134, 230, 75, 170, 25, 202, 233, 115}, {228, 132, 231, 91, 206, 114, 56, 24, 193, 135, 38, 237, 217, 243, 250, 88, 200, 30, 211, 142, 186, 136, 168, 232, 194, 41, 179, 176, 120, 79, 167, 116, 82, 213, 37, 205, 29, 150, 59, 149, 147, 139, 249, 94, 6, 106, 32, 49}, {247, 127, 244, 78, 169, 131, 122, 145, 109, 11, 43, 103, 204, 57, 2, 201, 239, 48, 157, 212, 216, 98, 155, 198, 152, 83, 95, 19, 33, 110, 36, 241, 253, 13, 192, 177, 58, 14, 90, 209, 178, 65, 124, 140, 40, 97, 4, 195}, {17, 171, 73, 238, 174, 105, 240, 44, 3, 252, 119, 10, 27, 5, 52, 69, 220, 18, 185, 12, 50, 126, 191, 218, 67, 214, 99, 87, 15, 245, 156, 93, 246, 111, 161, 144, 76, 81, 164, 102, 74, 188, 23, 154, 125, 62, 181, 225}, {215, 128, 71, 112, 236, 21, 138, 85, 31, 242, 251, 254, 66, 86, 7, 54, 143, 34, 160, 190}, {199, 42, 159, 226, 208, 64, 235, 182, 101, 20, 255, 113, 47}, {224, 104, 60, 16, 39, 22}, {0}]
indices_f: [10, 1, 5, 6, 5, 6, 4, 7, 3, 0, 6, 5, 6, 5, 5, 6, 9, 6, 6, 5, 8, 7, 9, 6, 4, 3, 1, 6, 3, 4, 4, 7, 4, 5, 7, 2, 5, 4, 4, 9, 5, 4, 8, 5, 6, 3, 1, 8, 5, 4, 6, 3, 6, 3, 7, 2, 4, 5, 5, 4, 9, 0, 6, 3, 8, 5, 7, 6, 3, 6, 2, 7, 3, 6, 6, 3, 6, 3, 5, 4, 3, 6, 4, 5, 2, 7, 7, 6, 4, 1, 5, 4, 3, 6, 4, 5, 2, 5, 5, 6, 3, 8, 6, 5, 9, 6, 4, 3, 2, 5, 5, 6, 7, 8, 4, 3, 4, 3, 1, 6, 4, 3, 5, 2, 5, 6, 6, 5, 7, 0, 2, 5, 4, 3, 3, 4, 4, 3, 7, 4, 5, 2, 4, 7, 6, 5, 3, 4, 3, 4, 4, 3, 5, 2, 6, 5, 6, 5, 3, 8, 7, 6, 2, 3, 6, 3, 1, 4, 4, 5, 3, 6, 3, 2, 6, 3, 4, 5, 5, 4, 3, 6, 8, 1, 3, 6, 4, 1, 6, 3, 7, 6, 5, 4, 4, 5, 2, 3, 5, 8, 4, 5, 3, 2, 5, 4, 4, 1, 8, 5, 1, 4, 5, 4, 6, 7, 5, 4, 6, 3, 6, 3, 3, 2, 9, 6, 8, 3, 4, 3, 3, 4, 4, 3, 3, 8, 7, 4, 6, 5, 6, 5, 7, 4, 5, 6, 6, 5, 3, 4, 4, 7, 6, 5, 7, 8]
indices_g: [10, 1, 5, 6, 5, 6, 4, 7, 3, 0, 6, 5, 6, 5, 5, 6, 9, 6, 6, 5, 8, 7, 9, 6, 4, 3, 1, 6, 3, 4, 4, 7, 4, 5, 7, 2, 5, 4, 4, 9, 5, 4, 8, 5, 6, 3, 1, 8, 5, 4, 6, 3, 6, 3, 7, 2, 4, 5, 5, 4, 9, 0, 6, 3, 8, 5, 7, 6, 3, 6, 2, 7, 3, 6, 6, 3, 6, 3, 5, 4, 3, 6, 4, 5, 2, 7, 7, 6, 4, 1, 5, 4, 3, 6, 4, 5, 2, 5, 5, 6, 3, 8, 6, 5, 9, 6, 4, 3, 2, 5, 5, 6, 7, 8, 4, 3, 4, 3, 1, 6, 4, 3, 5, 2, 5, 6, 6, 5, 7, 0, 2, 5, 4, 3, 3, 4, 4, 3, 7, 4, 5, 2, 4, 7, 6, 5, 3, 4, 3, 4, 4, 3, 5, 2, 6, 5, 6, 5, 3, 8, 7, 6, 2, 3, 6, 3, 1, 4, 4, 5, 3, 6, 3, 2, 6, 3, 4, 5, 5, 4, 3, 6, 8, 1, 3, 6, 4, 1, 6, 3, 7, 6, 5, 4, 4, 5, 2, 3, 5, 8, 4, 5, 3, 2, 5, 4, 4, 1, 8, 5, 1, 4, 5, 4, 6, 7, 5, 4, 6, 3, 6, 3, 3, 2, 9, 6, 8, 3, 4, 3, 3, 4, 4, 3, 3, 8, 7, 4, 6, 5, 6, 5, 7, 4, 5, 6, 6, 5, 3, 4, 4, 7, 6, 5, 7, 8]
buckets are valid
L1: [0, 1, 2, 3, 4, 5, 6, 7, 8, 9, 10, 11, 12, 13, 14, 15, 16, 17, 18, 19, 20, 21, 22, 23, 24, 25, 26, 27, 28, 29, 30, 31, 32, 33, 34, 35, 36, 37, 38, 39, 40, 41, 42, 43, 44, 45, 46, 47, 48, 49, 50, 51, 52, 53, 54, 55, 56, 57, 58, 59, 60, 61, 62, 63, 64, 65, 66, 67, 68, 69, 70, 71, 72, 73, 74, 75, 76, 77, 78, 79, 80, 81, 82, 83, 84, 85, 86, 87, 88, 89, 90, 91, 92, 93, 94, 95, 96, 97, 98, 99, 100, 101, 102, 103, 104, 105, 106, 107, 108, 109, 110, 111, 112, 113, 114, 115, 116, 117, 118, 119, 120, 121, 122, 123, 124, 125, 126, 127, 128, 129, 130, 131, 132, 133, 134, 135, 136, 137, 138, 139, 140, 141, 142, 143, 144, 145, 146, 147, 148, 149, 150, 151, 152, 153, 154, 155, 156, 157, 158, 159, 160, 161, 162, 163, 164, 165, 166, 167, 168, 169, 170, 171, 172, 173, 174, 175, 176, 177, 178, 179, 180, 181, 182, 183, 184, 185, 186, 187, 188, 189, 190, 191, 192, 193, 194, 195, 196, 197, 198, 199, 200, 201, 202, 203, 204, 205, 206, 207, 208, 209, 210, 211, 212, 213, 214, 215, 216, 217, 218, 219, 220, 221, 222, 223, 224, 225, 226, 227, 228, 229, 230, 231, 232, 233, 234, 235, 236, 237, 238, 239, 240, 241, 242, 243, 244, 245, 246, 247, 248, 249, 250, 251, 252, 253, 254, 255]
L2: [0, 1, 2, 3, 4, 5, 6, 7, 8, 9, 10, 11, 12, 13, 14, 15, 16, 17, 18, 19, 20, 21, 22, 23, 24, 25, 26, 27, 28, 29, 30, 31, 32, 33, 34, 35, 36, 37, 38, 39, 40, 41, 42, 43, 44, 45, 46, 47, 48, 49, 50, 51, 52, 53, 54, 55, 56, 57, 58, 59, 60, 61, 62, 63, 64, 65, 66, 67, 68, 69, 70, 71, 72, 73, 74, 75, 76, 77, 78, 79, 80, 81, 82, 83, 84, 85, 86, 87, 88, 89, 90, 91, 92, 93, 94, 95, 96, 97, 98, 99, 100, 101, 102, 103, 104, 105, 106, 107, 108, 109, 110, 111, 112, 113, 114, 115, 116, 117, 118, 119, 120, 121, 122, 123, 124, 125, 126, 127, 128, 129, 130, 131, 132, 133, 134, 135, 136, 137, 138, 139, 140, 141, 142, 143, 144, 145, 146, 147, 148, 149, 150, 151, 152, 153, 154, 155, 156, 157, 158, 159, 160, 161, 162, 163, 164, 165, 166, 167, 168, 169, 170, 171, 172, 173, 174, 175, 176, 177, 178, 179, 180, 181, 182, 183, 184, 185, 186, 187, 188, 189, 190, 191, 192, 193, 194, 195, 196, 197, 198, 199, 200, 201, 202, 203, 204, 205, 206, 207, 208, 209, 210, 211, 212, 213, 214, 215, 216, 217, 218, 219, 220, 221, 222, 223, 224, 225, 226, 227, 228, 229, 230, 231, 232, 233, 234, 235, 236, 237, 238, 239, 240, 241, 242, 243, 244, 245, 246, 247, 248, 249, 250, 251, 252, 253, 254, 255]
A: [0, 0, 0, 0, 0, 0, 0, 0, 0, 0, 0, 0, 0, 0, 0, 0, 0, 0, 0, 0, 0, 0, 0, 0, 0, 0, 0, 0, 0, 0, 0, 0, 0, 0, 0, 0, 0, 0, 0, 0, 0, 0, 0, 0, 0, 0, 0, 0, 0, 0, 0, 0, 0, 0, 0, 0, 0, 0, 0, 0, 0, 0, 0, 0, 0, 0, 0, 0, 0, 0, 0, 0, 0, 0, 0, 0, 0, 0, 0, 0, 0, 0, 0, 0, 0, 0, 0, 0, 0, 0, 0, 0, 0, 0, 0, 0, 0, 0, 0, 0, 0, 0, 0, 0, 0, 0, 0, 0, 0, 0, 0, 0, 0, 0, 0, 0, 0, 0, 0, 0, 0, 0, 0, 0, 0, 0, 0, 0, 0, 0, 0, 0, 0, 0, 0, 0, 0, 0, 0, 0, 0, 0, 0, 0, 0, 0, 0, 0, 0, 0, 0, 0, 0, 0, 0, 0, 0, 0, 0, 0, 0, 0, 0, 0, 0, 0, 0, 0, 0, 0, 0, 0, 0, 0, 0, 0, 0, 0, 0, 0, 0, 0, 0, 0, 0, 0, 0, 0, 0, 0, 0, 0, 0, 0, 0, 0, 0, 0, 0, 0, 0, 0, 0, 0, 0, 0, 0, 0, 0, 0, 0, 0, 0, 0, 0, 0, 0, 0, 0, 0, 0, 0, 0, 0, 0, 0, 0, 0, 0, 0, 0, 0, 0, 0, 0, 0, 0, 0, 0, 0, 0, 0, 0, 0, 0, 0, 0, 0, 0, 0, 0, 0, 0, 0, 0, 0]


