path: all/yuyin2_3582.tt
path: all/yuyin2_3582.tt
buckets_f: [{14, 51, 78}, {96, 100, 207, 205, 21, 250, 201, 221, 223, 25, 213}, {119, 148, 49, 175, 229, 231, 198, 154, 251, 187, 210, 138, 88, 241, 249}, {67, 246, 155, 104, 184, 166, 228, 164, 98, 174, 17, 32, 232, 5, 34, 73, 137, 118, 217, 129, 122, 238, 224, 31, 126, 79, 89, 40, 1, 143, 240, 87, 13, 172, 133, 186, 193, 11, 147, 252, 77, 219}, {192, 107, 22, 214, 227, 179, 123, 253, 53, 222, 171, 28, 68, 10, 43, 208, 59, 161, 181, 94, 90, 132, 218, 45, 109, 8, 202, 165, 189, 105, 4, 134, 156, 84, 233, 39, 64, 101, 121, 103, 82, 72, 235, 173, 12, 185, 16, 255}, {131, 254, 153, 29, 71, 160, 19, 139, 135, 209, 176, 106, 50, 242, 203, 157, 234, 7, 38, 69, 145, 190, 58, 236, 199, 93, 120, 124, 215, 52, 226, 141, 56, 54, 114, 151, 95, 3, 108, 48, 197, 162, 188, 9, 182, 15, 230, 244}, {80, 128, 115, 191, 86, 212, 220, 125, 76, 99, 216, 194, 70, 117, 136, 26, 24, 74, 206, 243, 140, 130, 66, 177, 150, 183, 113, 245, 97, 37, 57, 127, 200, 163, 33, 61, 146, 167, 144, 142, 247, 169, 41, 152, 55, 2, 92, 47}, {42, 44, 81, 62, 170, 27, 60, 102, 149, 75, 195, 46, 168, 159, 85, 65, 110, 91, 112, 248, 23, 83}, {225, 111, 20, 239, 30, 63, 196, 6, 158, 18, 35, 204, 237}, {36, 178, 211, 180, 116}, {0}]
buckets_g: [{78, 14, 51}, {207, 250, 21, 213, 201, 96, 223, 25, 221, 100, 205}, {210, 148, 154, 249, 88, 49, 175, 138, 229, 198, 119, 231, 241, 187, 251}, {13, 129, 166, 155, 11, 147, 89, 118, 104, 164, 252, 224, 228, 126, 184, 34, 87, 77, 143, 217, 174, 122, 246, 172, 186, 133, 98, 79, 240, 1, 219, 5, 40, 67, 32, 137, 17, 232, 238, 73, 31, 193}, {16, 185, 179, 181, 156, 82, 64, 227, 253, 134, 43, 90, 202, 255, 235, 84, 192, 68, 59, 53, 4, 132, 208, 8, 45, 161, 173, 121, 10, 165, 214, 28, 107, 12, 109, 218, 39, 123, 222, 189, 171, 22, 105, 94, 72, 233, 103, 101}, {93, 56, 108, 209, 190, 120, 9, 15, 71, 226, 234, 48, 139, 153, 145, 230, 242, 160, 197, 236, 188, 176, 254, 7, 244, 106, 54, 124, 29, 19, 141, 131, 50, 95, 215, 151, 157, 203, 3, 162, 38, 182, 58, 135, 114, 69, 52, 199}, {216, 152, 220, 86, 245, 191, 97, 57, 163, 117, 130, 47, 243, 212, 33, 115, 194, 183, 142, 113, 125, 167, 99, 41, 55, 61, 76, 144, 177, 200, 146, 206, 150, 247, 80, 26, 66, 140, 136, 127, 92, 128, 24, 169, 2, 37, 74, 70}, {170, 60, 248, 168, 23, 46, 44, 65, 195, 85, 112, 42, 91, 62, 81, 102, 110, 83, 27, 149, 159, 75}, {225, 20, 6, 204, 63, 237, 35, 196, 30, 111, 18, 239, 158}, {116, 36, 178, 211, 180}, {0}]
indices_f: [10, 3, 6, 5, 4, 3, 8, 5, 4, 5, 4, 3, 4, 3, 0, 5, 4, 3, 8, 5, 8, 1, 4, 7, 6, 1, 6, 7, 4, 5, 8, 3, 3, 6, 3, 8, 9, 6, 5, 4, 3, 6, 7, 4, 7, 4, 7, 6, 5, 2, 5, 0, 5, 4, 5, 6, 5, 6, 5, 4, 7, 6, 7, 8, 4, 7, 6, 3, 4, 5, 6, 5, 4, 3, 6, 7, 6, 3, 0, 3, 6, 7, 4, 7, 4, 7, 6, 3, 2, 3, 4, 7, 6, 5, 4, 5, 1, 6, 3, 6, 1, 4, 7, 4, 3, 4, 5, 4, 5, 4, 7, 8, 7, 6, 5, 6, 9, 6, 3, 2, 5, 4, 3, 4, 5, 6, 3, 6, 6, 3, 6, 5, 4, 3, 4, 5, 6, 3, 2, 5, 6, 5, 6, 3, 6, 5, 6, 3, 2, 7, 6, 5, 6, 5, 2, 3, 4, 5, 8, 7, 5, 4, 5, 6, 3, 4, 3, 6, 7, 6, 7, 4, 3, 4, 3, 2, 5, 6, 9, 4, 9, 4, 5, 6, 3, 4, 3, 2, 5, 4, 5, 6, 4, 3, 6, 7, 8, 5, 2, 5, 6, 1, 4, 5, 8, 1, 6, 1, 4, 5, 2, 9, 6, 1, 4, 5, 6, 3, 4, 3, 6, 1, 4, 1, 3, 8, 5, 4, 3, 2, 5, 2, 3, 4, 5, 4, 5, 8, 3, 8, 3, 2, 5, 6, 5, 6, 3, 6, 7, 2, 1, 2, 3, 4, 5, 4]
indices_g: [10, 3, 6, 5, 4, 3, 8, 5, 4, 5, 4, 3, 4, 3, 0, 5, 4, 3, 8, 5, 8, 1, 4, 7, 6, 1, 6, 7, 4, 5, 8, 3, 3, 6, 3, 8, 9, 6, 5, 4, 3, 6, 7, 4, 7, 4, 7, 6, 5, 2, 5, 0, 5, 4, 5, 6, 5, 6, 5, 4, 7, 6, 7, 8, 4, 7, 6, 3, 4, 5, 6, 5, 4, 3, 6, 7, 6, 3, 0, 3, 6, 7, 4, 7, 4, 7, 6, 3, 2, 3, 4, 7, 6, 5, 4, 5, 1, 6, 3, 6, 1, 4, 7, 4, 3, 4, 5, 4, 5, 4, 7, 8, 7, 6, 5, 6, 9, 6, 3, 2, 5, 4, 3, 4, 5, 6, 3, 6, 6, 3, 6, 5, 4, 3, 4, 5, 6, 3, 2, 5, 6, 5, 6, 3, 6, 5, 6, 3, 2, 7, 6, 5, 6, 5, 2, 3, 4, 5, 8, 7, 5, 4, 5, 6, 3, 4, 3, 6, 7, 6, 7, 4, 3, 4, 3, 2, 5, 6, 9, 4, 9, 4, 5, 6, 3, 4, 3, 2, 5, 4, 5, 6, 4, 3, 6, 7, 8, 5, 2, 5, 6, 1, 4, 5, 8, 1, 6, 1, 4, 5, 2, 9, 6, 1, 4, 5, 6, 3, 4, 3, 6, 1, 4, 1, 3, 8, 5, 4, 3, 2, 5, 2, 3, 4, 5, 4, 5, 8, 3, 8, 3, 2, 5, 6, 5, 6, 3, 6, 7, 2, 1, 2, 3, 4, 5, 4]
buckets are valid
L1: [0, 1, 2, 3, 4, 5, 6, 7, 8, 9, 10, 11, 12, 13, 14, 15, 16, 17, 18, 19, 20, 21, 22, 23, 24, 25, 26, 27, 28, 29, 30, 31, 32, 33, 34, 35, 36, 37, 38, 39, 40, 41, 42, 43, 44, 45, 46, 47, 48, 49, 50, 51, 52, 53, 54, 55, 56, 57, 58, 59, 60, 61, 62, 63, 64, 65, 66, 67, 68, 69, 70, 71, 72, 73, 74, 75, 76, 77, 78, 79, 80, 81, 82, 83, 84, 85, 86, 87, 88, 89, 90, 91, 92, 93, 94, 95, 96, 97, 98, 99, 100, 101, 102, 103, 104, 105, 106, 107, 108, 109, 110, 111, 112, 113, 114, 115, 116, 117, 118, 119, 120, 121, 122, 123, 124, 125, 126, 127, 128, 129, 130, 131, 132, 133, 134, 135, 136, 137, 138, 139, 140, 141, 142, 143, 144, 145, 146, 147, 148, 149, 150, 151, 152, 153, 154, 155, 156, 157, 158, 159, 160, 161, 162, 163, 164, 165, 166, 167, 168, 169, 170, 171, 172, 173, 174, 175, 176, 177, 178, 179, 180, 181, 182, 183, 184, 185, 186, 187, 188, 189, 190, 191, 192, 193, 194, 195, 196, 197, 198, 199, 200, 201, 202, 203, 204, 205, 206, 207, 208, 209, 210, 211, 212, 213, 214, 215, 216, 217, 218, 219, 220, 221, 222, 223, 224, 225, 226, 227, 228, 229, 230, 231, 232, 233, 234, 235, 236, 237, 238, 239, 240, 241, 242, 243, 244, 245, 246, 247, 248, 249, 250, 251, 252, 253, 254, 255]
L2: [0, 1, 2, 3, 4, 5, 6, 7, 8, 9, 10, 11, 12, 13, 14, 15, 16, 17, 18, 19, 20, 21, 22, 23, 24, 25, 26, 27, 28, 29, 30, 31, 32, 33, 34, 35, 36, 37, 38, 39, 40, 41, 42, 43, 44, 45, 46, 47, 48, 49, 50, 51, 52, 53, 54, 55, 56, 57, 58, 59, 60, 61, 62, 63, 64, 65, 66, 67, 68, 69, 70, 71, 72, 73, 74, 75, 76, 77, 78, 79, 80, 81, 82, 83, 84, 85, 86, 87, 88, 89, 90, 91, 92, 93, 94, 95, 96, 97, 98, 99, 100, 101, 102, 103, 104, 105, 106, 107, 108, 109, 110, 111, 112, 113, 114, 115, 116, 117, 118, 119, 120, 121, 122, 123, 124, 125, 126, 127, 128, 129, 130, 131, 132, 133, 134, 135, 136, 137, 138, 139, 140, 141, 142, 143, 144, 145, 146, 147, 148, 149, 150, 151, 152, 153, 154, 155, 156, 157, 158, 159, 160, 161, 162, 163, 164, 165, 166, 167, 168, 169, 170, 171, 172, 173, 174, 175, 176, 177, 178, 179, 180, 181, 182, 183, 184, 185, 186, 187, 188, 189, 190, 191, 192, 193, 194, 195, 196, 197, 198, 199, 200, 201, 202, 203, 204, 205, 206, 207, 208, 209, 210, 211, 212, 213, 214, 215, 216, 217, 218, 219, 220, 221, 222, 223, 224, 225, 226, 227, 228, 229, 230, 231, 232, 233, 234, 235, 236, 237, 238, 239, 240, 241, 242, 243, 244, 245, 246, 247, 248, 249, 250, 251, 252, 253, 254, 255]
A: [0, 0, 0, 0, 0, 0, 0, 0, 0, 0, 0, 0, 0, 0, 0, 0, 0, 0, 0, 0, 0, 0, 0, 0, 0, 0, 0, 0, 0, 0, 0, 0, 0, 0, 0, 0, 0, 0, 0, 0, 0, 0, 0, 0, 0, 0, 0, 0, 0, 0, 0, 0, 0, 0, 0, 0, 0, 0, 0, 0, 0, 0, 0, 0, 0, 0, 0, 0, 0, 0, 0, 0, 0, 0, 0, 0, 0, 0, 0, 0, 0, 0, 0, 0, 0, 0, 0, 0, 0, 0, 0, 0, 0, 0, 0, 0, 0, 0, 0, 0, 0, 0, 0, 0, 0, 0, 0, 0, 0, 0, 0, 0, 0, 0, 0, 0, 0, 0, 0, 0, 0, 0, 0, 0, 0, 0, 0, 0, 0, 0, 0, 0, 0, 0, 0, 0, 0, 0, 0, 0, 0, 0, 0, 0, 0, 0, 0, 0, 0, 0, 0, 0, 0, 0, 0, 0, 0, 0, 0, 0, 0, 0, 0, 0, 0, 0, 0, 0, 0, 0, 0, 0, 0, 0, 0, 0, 0, 0, 0, 0, 0, 0, 0, 0, 0, 0, 0, 0, 0, 0, 0, 0, 0, 0, 0, 0, 0, 0, 0, 0, 0, 0, 0, 0, 0, 0, 0, 0, 0, 0, 0, 0, 0, 0, 0, 0, 0, 0, 0, 0, 0, 0, 0, 0, 0, 0, 0, 0, 0, 0, 0, 0, 0, 0, 0, 0, 0, 0, 0, 0, 0, 0, 0, 0, 0, 0, 0, 0, 0, 0, 0, 0, 0, 0, 0, 0]


