path: all/yuyin_8_3398.tt
path: all/yuyin_8_3398.tt
buckets_f: [{81}, {239, 230}, {106, 5, 254, 95, 32, 236, 129, 41}, {209, 193, 29, 159, 58, 25, 150, 222, 177, 40, 105, 146, 165, 60, 237, 102, 167}, {122, 38, 203, 243, 245, 154, 34, 84, 8, 110, 80, 192, 52, 115, 164, 160, 70, 234, 151, 136, 196, 36, 145, 113, 210, 64, 45, 50, 212, 99, 91, 23, 225, 171, 89, 48, 12, 221, 66, 166, 7, 126, 194, 250, 79, 59}, {202, 46, 132, 112, 78, 76, 16, 161, 88, 72, 125, 130, 224, 255, 186, 143, 253, 121, 157, 218, 11, 56, 220, 22, 109, 114, 51, 211, 228, 87, 204, 144, 137, 69, 128, 39, 127, 197, 20, 141, 13, 90, 85, 15, 116, 83}, {82, 147, 229, 247, 208, 104, 30, 231, 223, 117, 252, 180, 103, 57, 63, 185, 108, 54, 3, 17, 101, 120, 158, 138, 201, 227, 73, 1, 47, 205, 162, 140, 142, 248, 26, 24, 97, 198, 219, 61, 131, 135, 207, 68, 10, 217}, {190, 168, 2, 215, 118, 62, 27, 18, 74, 195, 181, 92, 53, 9, 179, 98, 174, 71, 213, 44, 235, 170, 100, 233, 148, 199, 107, 134, 163, 111, 6, 153, 35, 200, 123, 240, 139, 246, 188, 155, 249, 242, 226, 184, 42}, {214, 232, 19, 178, 169, 182, 93, 119, 75, 149, 156, 176, 28, 21, 14, 77, 238, 124, 191, 173, 187, 152, 133, 86, 241, 189}, {4, 67, 172, 251, 55, 206, 49, 216, 65, 33, 31, 183, 96, 244, 94, 37}, {175, 43}, {0}]
buckets_g: [{81}, {230, 239}, {32, 236, 95, 5, 129, 254, 106, 41}, {150, 237, 177, 193, 159, 222, 102, 58, 25, 40, 29, 105, 146, 209, 165, 167, 60}, {79, 151, 36, 234, 221, 171, 243, 52, 196, 115, 64, 210, 23, 166, 91, 192, 110, 12, 212, 8, 48, 89, 7, 70, 145, 203, 126, 250, 34, 154, 99, 38, 113, 45, 245, 80, 164, 66, 84, 225, 59, 160, 50, 136, 194, 122}, {186, 78, 116, 90, 253, 144, 137, 69, 132, 11, 51, 220, 224, 83, 109, 13, 76, 143, 218, 85, 161, 125, 114, 121, 112, 204, 211, 39, 72, 46, 56, 130, 228, 22, 255, 197, 88, 20, 128, 141, 15, 16, 87, 127, 157, 202}, {103, 252, 223, 135, 205, 217, 117, 1, 63, 24, 207, 219, 10, 104, 201, 108, 138, 82, 57, 248, 97, 162, 120, 131, 73, 180, 208, 198, 3, 30, 227, 61, 185, 47, 158, 147, 142, 247, 101, 17, 54, 229, 68, 231, 140, 26}, {240, 118, 71, 190, 181, 242, 92, 170, 249, 2, 98, 188, 27, 148, 235, 35, 153, 44, 123, 155, 195, 42, 200, 111, 18, 184, 163, 53, 107, 6, 215, 9, 179, 233, 134, 199, 62, 226, 174, 139, 168, 246, 74, 213, 100}, {156, 189, 19, 14, 152, 169, 133, 124, 119, 28, 93, 191, 187, 232, 77, 214, 86, 241, 238, 21, 176, 75, 178, 149, 173, 182}, {33, 31, 216, 55, 244, 94, 96, 172, 206, 49, 251, 37, 4, 183, 65, 67}, {43, 175}, {0}]
indices_f: [11, 6, 7, 6, 9, 2, 7, 4, 4, 7, 6, 5, 4, 5, 8, 5, 5, 6, 7, 8, 5, 8, 5, 4, 6, 3, 6, 7, 8, 3, 6, 9, 2, 9, 4, 7, 4, 9, 4, 5, 3, 2, 7, 10, 7, 4, 5, 6, 4, 9, 4, 5, 4, 7, 6, 9, 5, 6, 3, 4, 3, 6, 7, 6, 4, 9, 4, 9, 6, 5, 4, 7, 5, 6, 7, 8, 5, 8, 5, 4, 4, 0, 6, 5, 4, 5, 8, 5, 5, 4, 5, 4, 7, 8, 9, 2, 9, 6, 7, 4, 7, 6, 3, 6, 6, 3, 2, 7, 6, 5, 4, 7, 5, 4, 5, 4, 5, 6, 7, 8, 6, 5, 4, 7, 8, 5, 4, 5, 5, 2, 5, 6, 5, 8, 7, 6, 4, 5, 6, 7, 6, 5, 6, 5, 5, 4, 3, 6, 7, 8, 3, 4, 8, 7, 4, 7, 8, 5, 6, 3, 4, 5, 6, 7, 4, 3, 4, 3, 7, 8, 7, 4, 9, 8, 7, 10, 8, 3, 8, 7, 6, 7, 8, 9, 7, 6, 5, 8, 7, 8, 7, 8, 4, 3, 4, 7, 4, 5, 6, 7, 7, 6, 5, 4, 5, 6, 9, 6, 6, 3, 4, 5, 4, 7, 8, 7, 9, 6, 5, 6, 5, 4, 3, 6, 5, 4, 7, 6, 5, 6, 1, 6, 8, 7, 4, 7, 2, 3, 8, 1, 7, 8, 7, 4, 9, 4, 7, 6, 6, 7, 4, 9, 6, 5, 2, 5]
indices_g: [11, 6, 7, 6, 9, 2, 7, 4, 4, 7, 6, 5, 4, 5, 8, 5, 5, 6, 7, 8, 5, 8, 5, 4, 6, 3, 6, 7, 8, 3, 6, 9, 2, 9, 4, 7, 4, 9, 4, 5, 3, 2, 7, 10, 7, 4, 5, 6, 4, 9, 4, 5, 4, 7, 6, 9, 5, 6, 3, 4, 3, 6, 7, 6, 4, 9, 4, 9, 6, 5, 4, 7, 5, 6, 7, 8, 5, 8, 5, 4, 4, 0, 6, 5, 4, 5, 8, 5, 5, 4, 5, 4, 7, 8, 9, 2, 9, 6, 7, 4, 7, 6, 3, 6, 6, 3, 2, 7, 6, 5, 4, 7, 5, 4, 5, 4, 5, 6, 7, 8, 6, 5, 4, 7, 8, 5, 4, 5, 5, 2, 5, 6, 5, 8, 7, 6, 4, 5, 6, 7, 6, 5, 6, 5, 5, 4, 3, 6, 7, 8, 3, 4, 8, 7, 4, 7, 8, 5, 6, 3, 4, 5, 6, 7, 4, 3, 4, 3, 7, 8, 7, 4, 9, 8, 7, 10, 8, 3, 8, 7, 6, 7, 8, 9, 7, 6, 5, 8, 7, 8, 7, 8, 4, 3, 4, 7, 4, 5, 6, 7, 7, 6, 5, 4, 5, 6, 9, 6, 6, 3, 4, 5, 4, 7, 8, 7, 9, 6, 5, 6, 5, 4, 3, 6, 5, 4, 7, 6, 5, 6, 1, 6, 8, 7, 4, 7, 2, 3, 8, 1, 7, 8, 7, 4, 9, 4, 7, 6, 6, 7, 4, 9, 6, 5, 2, 5]
buckets are valid
L1: [0, 1, 2, 3, 4, 5, 6, 7, 8, 9, 10, 11, 12, 13, 14, 15, 16, 17, 18, 19, 20, 21, 22, 23, 24, 25, 26, 27, 28, 29, 30, 31, 32, 33, 34, 35, 36, 37, 38, 39, 40, 41, 42, 43, 44, 45, 46, 47, 48, 49, 50, 51, 52, 53, 54, 55, 56, 57, 58, 59, 60, 61, 62, 63, 64, 65, 66, 67, 68, 69, 70, 71, 72, 73, 74, 75, 76, 77, 78, 79, 80, 81, 82, 83, 84, 85, 86, 87, 88, 89, 90, 91, 92, 93, 94, 95, 96, 97, 98, 99, 100, 101, 102, 103, 104, 105, 106, 107, 108, 109, 110, 111, 112, 113, 114, 115, 116, 117, 118, 119, 120, 121, 122, 123, 124, 125, 126, 127, 128, 129, 130, 131, 132, 133, 134, 135, 136, 137, 138, 139, 140, 141, 142, 143, 144, 145, 146, 147, 148, 149, 150, 151, 152, 153, 154, 155, 156, 157, 158, 159, 160, 161, 162, 163, 164, 165, 166, 167, 168, 169, 170, 171, 172, 173, 174, 175, 176, 177, 178, 179, 180, 181, 182, 183, 184, 185, 186, 187, 188, 189, 190, 191, 192, 193, 194, 195, 196, 197, 198, 199, 200, 201, 202, 203, 204, 205, 206, 207, 208, 209, 210, 211, 212, 213, 214, 215, 216, 217, 218, 219, 220, 221, 222, 223, 224, 225, 226, 227, 228, 229, 230, 231, 232, 233, 234, 235, 236, 237, 238, 239, 240, 241, 242, 243, 244, 245, 246, 247, 248, 249, 250, 251, 252, 253, 254, 255]
L2: [0, 1, 2, 3, 4, 5, 6, 7, 8, 9, 10, 11, 12, 13, 14, 15, 16, 17, 18, 19, 20, 21, 22, 23, 24, 25, 26, 27, 28, 29, 30, 31, 32, 33, 34, 35, 36, 37, 38, 39, 40, 41, 42, 43, 44, 45, 46, 47, 48, 49, 50, 51, 52, 53, 54, 55, 56, 57, 58, 59, 60, 61, 62, 63, 64, 65, 66, 67, 68, 69, 70, 71, 72, 73, 74, 75, 76, 77, 78, 79, 80, 81, 82, 83, 84, 85, 86, 87, 88, 89, 90, 91, 92, 93, 94, 95, 96, 97, 98, 99, 100, 101, 102, 103, 104, 105, 106, 107, 108, 109, 110, 111, 112, 113, 114, 115, 116, 117, 118, 119, 120, 121, 122, 123, 124, 125, 126, 127, 128, 129, 130, 131, 132, 133, 134, 135, 136, 137, 138, 139, 140, 141, 142, 143, 144, 145, 146, 147, 148, 149, 150, 151, 152, 153, 154, 155, 156, 157, 158, 159, 160, 161, 162, 163, 164, 165, 166, 167, 168, 169, 170, 171, 172, 173, 174, 175, 176, 177, 178, 179, 180, 181, 182, 183, 184, 185, 186, 187, 188, 189, 190, 191, 192, 193, 194, 195, 196, 197, 198, 199, 200, 201, 202, 203, 204, 205, 206, 207, 208, 209, 210, 211, 212, 213, 214, 215, 216, 217, 218, 219, 220, 221, 222, 223, 224, 225, 226, 227, 228, 229, 230, 231, 232, 233, 234, 235, 236, 237, 238, 239, 240, 241, 242, 243, 244, 245, 246, 247, 248, 249, 250, 251, 252, 253, 254, 255]
A: [0, 0, 0, 0, 0, 0, 0, 0, 0, 0, 0, 0, 0, 0, 0, 0, 0, 0, 0, 0, 0, 0, 0, 0, 0, 0, 0, 0, 0, 0, 0, 0, 0, 0, 0, 0, 0, 0, 0, 0, 0, 0, 0, 0, 0, 0, 0, 0, 0, 0, 0, 0, 0, 0, 0, 0, 0, 0, 0, 0, 0, 0, 0, 0, 0, 0, 0, 0, 0, 0, 0, 0, 0, 0, 0, 0, 0, 0, 0, 0, 0, 0, 0, 0, 0, 0, 0, 0, 0, 0, 0, 0, 0, 0, 0, 0, 0, 0, 0, 0, 0, 0, 0, 0, 0, 0, 0, 0, 0, 0, 0, 0, 0, 0, 0, 0, 0, 0, 0, 0, 0, 0, 0, 0, 0, 0, 0, 0, 0, 0, 0, 0, 0, 0, 0, 0, 0, 0, 0, 0, 0, 0, 0, 0, 0, 0, 0, 0, 0, 0, 0, 0, 0, 0, 0, 0, 0, 0, 0, 0, 0, 0, 0, 0, 0, 0, 0, 0, 0, 0, 0, 0, 0, 0, 0, 0, 0, 0, 0, 0, 0, 0, 0, 0, 0, 0, 0, 0, 0, 0, 0, 0, 0, 0, 0, 0, 0, 0, 0, 0, 0, 0, 0, 0, 0, 0, 0, 0, 0, 0, 0, 0, 0, 0, 0, 0, 0, 0, 0, 0, 0, 0, 0, 0, 0, 0, 0, 0, 0, 0, 0, 0, 0, 0, 0, 0, 0, 0, 0, 0, 0, 0, 0, 0, 0, 0, 0, 0, 0, 0, 0, 0, 0, 0, 0, 0]


