path: all/yuyin2_276.tt
path: all/yuyin2_276.tt
buckets_f: [{201}, {149, 127}, {177, 183, 143, 228, 194, 219, 49}, {205, 248, 223, 225, 161, 116, 56, 254, 97, 63, 138, 204, 173, 44, 114, 236, 51, 19, 10}, {246, 247, 169, 112, 23, 69, 252, 154, 151, 48, 91, 68, 35, 150, 54, 125, 93, 208, 99, 131, 122, 229, 220, 163, 80, 136, 241, 218, 238, 187, 98, 214, 209, 195, 145, 105, 240, 144, 3, 41, 72, 61, 118, 46, 215, 90}, {202, 129, 76, 148, 153, 7, 171, 82, 234, 33, 178, 70, 12, 199, 167, 50, 20, 159, 181, 115, 120, 216, 6, 103, 45, 203, 222, 160, 179, 108, 42, 245, 180, 170, 243, 244, 75, 32, 255, 121, 191, 192, 84, 249, 231, 117}, {40, 66, 162, 5, 27, 142, 207, 253, 15, 28, 55, 130, 176, 16, 221, 155, 165, 26, 188, 29, 232, 47, 251, 119, 73, 182, 8, 81, 174, 78, 111, 197, 186, 113, 206, 67, 101, 87, 233, 4, 157, 104, 37, 36, 175, 100}, {53, 83, 172, 21, 230, 158, 193, 96, 64, 135, 89, 1, 31, 109, 217, 212, 13, 210, 184, 211, 38, 139, 94, 30, 237, 85, 43, 166, 25, 62, 95, 74, 39, 190, 106, 57, 65, 24, 128, 198, 152, 213, 77, 88}, {168, 250, 123, 226, 110, 17, 34, 58, 59, 60, 239, 9, 14, 137, 200, 132, 86, 92, 156, 189, 124, 79, 2, 164, 196}, {140, 242, 235, 102, 185, 52, 147, 141, 18, 224, 71, 126, 146, 11, 134, 107}, {133, 22, 227}, {0}]
buckets_g: [{201}, {127, 149}, {49, 228, 194, 177, 143, 219, 183}, {254, 225, 138, 161, 173, 114, 44, 63, 19, 248, 223, 10, 205, 51, 97, 116, 204, 56, 236}, {215, 145, 195, 163, 214, 252, 41, 238, 80, 23, 112, 125, 187, 241, 91, 247, 3, 54, 240, 93, 208, 136, 61, 151, 68, 98, 150, 144, 218, 122, 246, 35, 99, 105, 154, 209, 118, 72, 90, 69, 229, 48, 46, 169, 131, 220}, {178, 243, 191, 108, 103, 203, 115, 179, 181, 82, 120, 159, 234, 6, 12, 245, 7, 167, 50, 75, 129, 160, 45, 117, 231, 153, 192, 148, 255, 76, 216, 202, 199, 244, 33, 180, 171, 170, 32, 42, 222, 20, 121, 249, 84, 70}, {16, 130, 111, 104, 15, 8, 176, 66, 47, 174, 87, 157, 113, 188, 29, 37, 73, 162, 101, 155, 36, 26, 100, 28, 197, 55, 182, 142, 5, 119, 207, 175, 206, 67, 232, 27, 253, 40, 251, 233, 165, 81, 4, 221, 186, 78}, {13, 172, 109, 135, 158, 88, 128, 77, 96, 152, 237, 65, 217, 53, 39, 24, 190, 64, 31, 57, 210, 43, 83, 95, 212, 74, 21, 139, 1, 230, 89, 25, 106, 184, 166, 62, 94, 193, 213, 85, 211, 38, 198, 30}, {137, 196, 124, 110, 239, 34, 250, 156, 164, 168, 123, 86, 226, 58, 17, 2, 189, 9, 14, 59, 92, 132, 79, 200, 60}, {224, 147, 141, 11, 140, 102, 107, 235, 134, 18, 185, 71, 52, 242, 146, 126}, {133, 227, 22}, {0}]
indices_f: [11, 7, 8, 4, 6, 6, 5, 5, 6, 8, 3, 9, 5, 7, 8, 6, 6, 8, 9, 3, 5, 7, 10, 4, 7, 7, 6, 6, 6, 6, 7, 7, 5, 5, 8, 4, 6, 6, 7, 7, 6, 4, 5, 7, 3, 5, 4, 6, 4, 2, 5, 3, 9, 7, 4, 6, 3, 7, 8, 8, 8, 4, 7, 3, 7, 7, 6, 6, 4, 4, 5, 9, 4, 6, 7, 5, 5, 7, 6, 8, 4, 6, 5, 7, 5, 7, 8, 6, 7, 7, 4, 4, 8, 4, 7, 7, 7, 3, 4, 4, 6, 6, 9, 5, 6, 4, 7, 9, 5, 7, 8, 6, 4, 6, 3, 5, 3, 5, 4, 6, 5, 5, 4, 8, 8, 4, 9, 1, 7, 5, 6, 4, 8, 10, 9, 7, 4, 8, 3, 7, 9, 9, 6, 2, 4, 4, 9, 9, 5, 1, 4, 4, 7, 5, 4, 6, 8, 6, 7, 5, 5, 3, 6, 4, 8, 6, 7, 5, 8, 4, 5, 5, 7, 3, 6, 6, 6, 2, 5, 5, 5, 5, 6, 2, 7, 9, 6, 4, 6, 8, 7, 5, 5, 7, 2, 4, 8, 6, 7, 5, 8, 0, 5, 5, 3, 3, 6, 6, 4, 4, 7, 7, 7, 7, 4, 4, 5, 7, 4, 2, 4, 6, 5, 3, 9, 3, 8, 10, 2, 4, 7, 5, 6, 6, 5, 9, 3, 7, 4, 8, 4, 4, 9, 5, 5, 5, 4, 4, 3, 5, 8, 6, 4, 6, 3, 5]
indices_g: [11, 7, 8, 4, 6, 6, 5, 5, 6, 8, 3, 9, 5, 7, 8, 6, 6, 8, 9, 3, 5, 7, 10, 4, 7, 7, 6, 6, 6, 6, 7, 7, 5, 5, 8, 4, 6, 6, 7, 7, 6, 4, 5, 7, 3, 5, 4, 6, 4, 2, 5, 3, 9, 7, 4, 6, 3, 7, 8, 8, 8, 4, 7, 3, 7, 7, 6, 6, 4, 4, 5, 9, 4, 6, 7, 5, 5, 7, 6, 8, 4, 6, 5, 7, 5, 7, 8, 6, 7, 7, 4, 4, 8, 4, 7, 7, 7, 3, 4, 4, 6, 6, 9, 5, 6, 4, 7, 9, 5, 7, 8, 6, 4, 6, 3, 5, 3, 5, 4, 6, 5, 5, 4, 8, 8, 4, 9, 1, 7, 5, 6, 4, 8, 10, 9, 7, 4, 8, 3, 7, 9, 9, 6, 2, 4, 4, 9, 9, 5, 1, 4, 4, 7, 5, 4, 6, 8, 6, 7, 5, 5, 3, 6, 4, 8, 6, 7, 5, 8, 4, 5, 5, 7, 3, 6, 6, 6, 2, 5, 5, 5, 5, 6, 2, 7, 9, 6, 4, 6, 8, 7, 5, 5, 7, 2, 4, 8, 6, 7, 5, 8, 0, 5, 5, 3, 3, 6, 6, 4, 4, 7, 7, 7, 7, 4, 4, 5, 7, 4, 2, 4, 6, 5, 3, 9, 3, 8, 10, 2, 4, 7, 5, 6, 6, 5, 9, 3, 7, 4, 8, 4, 4, 9, 5, 5, 5, 4, 4, 3, 5, 8, 6, 4, 6, 3, 5]
buckets are valid
L1: [0, 1, 2, 3, 4, 5, 6, 7, 8, 9, 10, 11, 12, 13, 14, 15, 16, 17, 18, 19, 20, 21, 22, 23, 24, 25, 26, 27, 28, 29, 30, 31, 32, 33, 34, 35, 36, 37, 38, 39, 40, 41, 42, 43, 44, 45, 46, 47, 48, 49, 50, 51, 52, 53, 54, 55, 56, 57, 58, 59, 60, 61, 62, 63, 64, 65, 66, 67, 68, 69, 70, 71, 72, 73, 74, 75, 76, 77, 78, 79, 80, 81, 82, 83, 84, 85, 86, 87, 88, 89, 90, 91, 92, 93, 94, 95, 96, 97, 98, 99, 100, 101, 102, 103, 104, 105, 106, 107, 108, 109, 110, 111, 112, 113, 114, 115, 116, 117, 118, 119, 120, 121, 122, 123, 124, 125, 126, 127, 128, 129, 130, 131, 132, 133, 134, 135, 136, 137, 138, 139, 140, 141, 142, 143, 144, 145, 146, 147, 148, 149, 150, 151, 152, 153, 154, 155, 156, 157, 158, 159, 160, 161, 162, 163, 164, 165, 166, 167, 168, 169, 170, 171, 172, 173, 174, 175, 176, 177, 178, 179, 180, 181, 182, 183, 184, 185, 186, 187, 188, 189, 190, 191, 192, 193, 194, 195, 196, 197, 198, 199, 200, 201, 202, 203, 204, 205, 206, 207, 208, 209, 210, 211, 212, 213, 214, 215, 216, 217, 218, 219, 220, 221, 222, 223, 224, 225, 226, 227, 228, 229, 230, 231, 232, 233, 234, 235, 236, 237, 238, 239, 240, 241, 242, 243, 244, 245, 246, 247, 248, 249, 250, 251, 252, 253, 254, 255]
L2: [0, 1, 2, 3, 4, 5, 6, 7, 8, 9, 10, 11, 12, 13, 14, 15, 16, 17, 18, 19, 20, 21, 22, 23, 24, 25, 26, 27, 28, 29, 30, 31, 32, 33, 34, 35, 36, 37, 38, 39, 40, 41, 42, 43, 44, 45, 46, 47, 48, 49, 50, 51, 52, 53, 54, 55, 56, 57, 58, 59, 60, 61, 62, 63, 64, 65, 66, 67, 68, 69, 70, 71, 72, 73, 74, 75, 76, 77, 78, 79, 80, 81, 82, 83, 84, 85, 86, 87, 88, 89, 90, 91, 92, 93, 94, 95, 96, 97, 98, 99, 100, 101, 102, 103, 104, 105, 106, 107, 108, 109, 110, 111, 112, 113, 114, 115, 116, 117, 118, 119, 120, 121, 122, 123, 124, 125, 126, 127, 128, 129, 130, 131, 132, 133, 134, 135, 136, 137, 138, 139, 140, 141, 142, 143, 144, 145, 146, 147, 148, 149, 150, 151, 152, 153, 154, 155, 156, 157, 158, 159, 160, 161, 162, 163, 164, 165, 166, 167, 168, 169, 170, 171, 172, 173, 174, 175, 176, 177, 178, 179, 180, 181, 182, 183, 184, 185, 186, 187, 188, 189, 190, 191, 192, 193, 194, 195, 196, 197, 198, 199, 200, 201, 202, 203, 204, 205, 206, 207, 208, 209, 210, 211, 212, 213, 214, 215, 216, 217, 218, 219, 220, 221, 222, 223, 224, 225, 226, 227, 228, 229, 230, 231, 232, 233, 234, 235, 236, 237, 238, 239, 240, 241, 242, 243, 244, 245, 246, 247, 248, 249, 250, 251, 252, 253, 254, 255]
A: [0, 0, 0, 0, 0, 0, 0, 0, 0, 0, 0, 0, 0, 0, 0, 0, 0, 0, 0, 0, 0, 0, 0, 0, 0, 0, 0, 0, 0, 0, 0, 0, 0, 0, 0, 0, 0, 0, 0, 0, 0, 0, 0, 0, 0, 0, 0, 0, 0, 0, 0, 0, 0, 0, 0, 0, 0, 0, 0, 0, 0, 0, 0, 0, 0, 0, 0, 0, 0, 0, 0, 0, 0, 0, 0, 0, 0, 0, 0, 0, 0, 0, 0, 0, 0, 0, 0, 0, 0, 0, 0, 0, 0, 0, 0, 0, 0, 0, 0, 0, 0, 0, 0, 0, 0, 0, 0, 0, 0, 0, 0, 0, 0, 0, 0, 0, 0, 0, 0, 0, 0, 0, 0, 0, 0, 0, 0, 0, 0, 0, 0, 0, 0, 0, 0, 0, 0, 0, 0, 0, 0, 0, 0, 0, 0, 0, 0, 0, 0, 0, 0, 0, 0, 0, 0, 0, 0, 0, 0, 0, 0, 0, 0, 0, 0, 0, 0, 0, 0, 0, 0, 0, 0, 0, 0, 0, 0, 0, 0, 0, 0, 0, 0, 0, 0, 0, 0, 0, 0, 0, 0, 0, 0, 0, 0, 0, 0, 0, 0, 0, 0, 0, 0, 0, 0, 0, 0, 0, 0, 0, 0, 0, 0, 0, 0, 0, 0, 0, 0, 0, 0, 0, 0, 0, 0, 0, 0, 0, 0, 0, 0, 0, 0, 0, 0, 0, 0, 0, 0, 0, 0, 0, 0, 0, 0, 0, 0, 0, 0, 0, 0, 0, 0, 0, 0, 0]


