path: all/yuyin2_5024.tt
path: all/yuyin2_5024.tt
buckets_f: [{6, 18}, {59, 198, 32}, {13, 131, 147, 172, 53, 152, 132, 139}, {221, 246, 161, 217, 68, 64, 157, 36, 83, 130, 19, 178, 249}, {159, 176, 46, 232, 143, 118, 93, 168, 2, 243, 65, 196, 199, 97, 70, 78, 247, 220, 121, 227, 140, 175, 98, 109, 167, 62, 212, 74, 45, 155, 208, 228, 187, 219, 248, 188, 58, 54, 49, 26, 251, 184}, {229, 88, 80, 169, 127, 166, 245, 11, 170, 75, 202, 154, 56, 205, 250, 181, 39, 104, 174, 44, 190, 141, 100, 254, 226, 129, 237, 177, 24, 194, 7, 40, 116, 242, 72, 165, 8, 92, 209, 210, 12, 124, 173, 16, 111, 87, 225, 15, 230, 96}, {215, 33, 113, 42, 252, 1, 90, 22, 66, 224, 117, 180, 101, 10, 183, 41, 200, 231, 156, 148, 85, 239, 207, 192, 5, 164, 34, 73, 57, 69, 136, 86, 211, 195, 135, 171, 77, 204, 81, 223, 50, 235, 216, 21, 61, 89, 125, 82, 128, 255}, {214, 28, 107, 146, 108, 186, 43, 99, 60, 149, 52, 35, 95, 201, 103, 233, 115, 23, 51, 234, 222, 112, 84, 67, 55, 241, 142, 206, 193, 253, 162, 91, 79, 76, 71, 138, 63, 145, 189, 218, 150, 133, 48, 182, 197, 158, 213, 3, 27, 47}, {9, 163, 94, 114, 14, 25, 179, 29, 240, 105, 106, 126, 17, 244, 30, 191, 144, 236, 110, 151}, {153, 123, 120, 20, 119, 31, 137, 185, 4, 134, 238}, {160, 203, 38, 122, 102, 37}, {0}]
buckets_g: [{18, 6}, {32, 198, 59}, {132, 53, 147, 152, 139, 13, 131, 172}, {161, 130, 249, 36, 19, 64, 178, 217, 68, 221, 246, 83, 157}, {46, 196, 143, 93, 54, 199, 97, 167, 70, 243, 187, 159, 62, 168, 118, 26, 232, 155, 121, 227, 140, 212, 220, 58, 188, 65, 251, 176, 208, 247, 219, 78, 248, 98, 2, 49, 74, 184, 109, 175, 45, 228}, {127, 209, 181, 8, 225, 40, 226, 229, 173, 100, 12, 24, 230, 154, 129, 166, 16, 250, 124, 242, 116, 7, 87, 75, 80, 237, 11, 174, 15, 56, 88, 205, 170, 169, 92, 104, 210, 39, 194, 165, 111, 96, 254, 141, 44, 190, 245, 202, 72, 177}, {69, 252, 183, 204, 200, 21, 215, 73, 66, 86, 239, 81, 117, 136, 89, 85, 5, 50, 223, 101, 171, 156, 10, 135, 77, 41, 164, 57, 22, 224, 211, 192, 195, 61, 113, 231, 33, 235, 180, 207, 1, 82, 148, 42, 216, 128, 90, 34, 125, 255}, {63, 150, 79, 213, 67, 186, 103, 55, 28, 193, 197, 52, 91, 27, 3, 60, 218, 107, 51, 84, 149, 99, 182, 138, 43, 115, 222, 241, 162, 95, 158, 234, 253, 35, 206, 146, 145, 133, 108, 76, 189, 214, 112, 23, 71, 48, 233, 142, 201, 47}, {179, 110, 9, 17, 144, 191, 236, 114, 105, 29, 106, 25, 151, 30, 14, 240, 94, 244, 126, 163}, {4, 20, 137, 31, 134, 153, 120, 238, 119, 185, 123}, {37, 38, 102, 122, 160, 203}, {0}]
indices_f: [11, 6, 4, 7, 9, 6, 0, 5, 5, 8, 6, 5, 5, 2, 8, 5, 5, 8, 0, 3, 9, 6, 6, 7, 5, 8, 4, 7, 7, 8, 8, 9, 1, 6, 6, 7, 3, 10, 10, 5, 5, 6, 6, 7, 5, 4, 4, 7, 7, 4, 6, 7, 7, 2, 4, 7, 5, 6, 4, 1, 7, 6, 4, 7, 3, 4, 6, 7, 3, 6, 4, 7, 5, 6, 4, 5, 7, 6, 4, 7, 5, 6, 6, 3, 7, 6, 6, 5, 5, 6, 6, 7, 5, 4, 8, 7, 5, 4, 4, 7, 5, 6, 10, 7, 5, 8, 8, 7, 7, 4, 8, 5, 7, 6, 8, 7, 5, 6, 4, 9, 9, 4, 10, 9, 5, 6, 8, 5, 6, 5, 3, 2, 2, 7, 9, 6, 6, 9, 7, 2, 4, 5, 7, 4, 8, 7, 7, 2, 6, 7, 7, 8, 2, 9, 5, 4, 6, 3, 7, 4, 10, 3, 7, 8, 6, 5, 5, 4, 4, 5, 5, 6, 2, 5, 5, 4, 4, 5, 3, 8, 6, 5, 7, 6, 4, 9, 7, 4, 4, 7, 5, 8, 6, 7, 5, 6, 4, 7, 1, 4, 6, 7, 5, 10, 6, 5, 7, 6, 4, 5, 5, 6, 4, 7, 7, 6, 6, 3, 7, 4, 4, 3, 7, 6, 6, 5, 5, 4, 4, 5, 5, 6, 4, 7, 7, 6, 8, 5, 9, 6, 8, 7, 5, 4, 8, 5, 3, 4, 4, 3, 5, 4, 6, 7, 5, 6]
indices_g: [11, 6, 4, 7, 9, 6, 0, 5, 5, 8, 6, 5, 5, 2, 8, 5, 5, 8, 0, 3, 9, 6, 6, 7, 5, 8, 4, 7, 7, 8, 8, 9, 1, 6, 6, 7, 3, 10, 10, 5, 5, 6, 6, 7, 5, 4, 4, 7, 7, 4, 6, 7, 7, 2, 4, 7, 5, 6, 4, 1, 7, 6, 4, 7, 3, 4, 6, 7, 3, 6, 4, 7, 5, 6, 4, 5, 7, 6, 4, 7, 5, 6, 6, 3, 7, 6, 6, 5, 5, 6, 6, 7, 5, 4, 8, 7, 5, 4, 4, 7, 5, 6, 10, 7, 5, 8, 8, 7, 7, 4, 8, 5, 7, 6, 8, 7, 5, 6, 4, 9, 9, 4, 10, 9, 5, 6, 8, 5, 6, 5, 3, 2, 2, 7, 9, 6, 6, 9, 7, 2, 4, 5, 7, 4, 8, 7, 7, 2, 6, 7, 7, 8, 2, 9, 5, 4, 6, 3, 7, 4, 10, 3, 7, 8, 6, 5, 5, 4, 4, 5, 5, 6, 2, 5, 5, 4, 4, 5, 3, 8, 6, 5, 7, 6, 4, 9, 7, 4, 4, 7, 5, 8, 6, 7, 5, 6, 4, 7, 1, 4, 6, 7, 5, 10, 6, 5, 7, 6, 4, 5, 5, 6, 4, 7, 7, 6, 6, 3, 7, 4, 4, 3, 7, 6, 6, 5, 5, 4, 4, 5, 5, 6, 4, 7, 7, 6, 8, 5, 9, 6, 8, 7, 5, 4, 8, 5, 3, 4, 4, 3, 5, 4, 6, 7, 5, 6]
buckets are valid
L1: [0, 1, 2, 3, 4, 5, 6, 7, 8, 9, 10, 11, 12, 13, 14, 15, 16, 17, 18, 19, 20, 21, 22, 23, 24, 25, 26, 27, 28, 29, 30, 31, 32, 33, 34, 35, 36, 37, 38, 39, 40, 41, 42, 43, 44, 45, 46, 47, 48, 49, 50, 51, 52, 53, 54, 55, 56, 57, 58, 59, 60, 61, 62, 63, 64, 65, 66, 67, 68, 69, 70, 71, 72, 73, 74, 75, 76, 77, 78, 79, 80, 81, 82, 83, 84, 85, 86, 87, 88, 89, 90, 91, 92, 93, 94, 95, 96, 97, 98, 99, 100, 101, 102, 103, 104, 105, 106, 107, 108, 109, 110, 111, 112, 113, 114, 115, 116, 117, 118, 119, 120, 121, 122, 123, 124, 125, 126, 127, 128, 129, 130, 131, 132, 133, 134, 135, 136, 137, 138, 139, 140, 141, 142, 143, 144, 145, 146, 147, 148, 149, 150, 151, 152, 153, 154, 155, 156, 157, 158, 159, 160, 161, 162, 163, 164, 165, 166, 167, 168, 169, 170, 171, 172, 173, 174, 175, 176, 177, 178, 179, 180, 181, 182, 183, 184, 185, 186, 187, 188, 189, 190, 191, 192, 193, 194, 195, 196, 197, 198, 199, 200, 201, 202, 203, 204, 205, 206, 207, 208, 209, 210, 211, 212, 213, 214, 215, 216, 217, 218, 219, 220, 221, 222, 223, 224, 225, 226, 227, 228, 229, 230, 231, 232, 233, 234, 235, 236, 237, 238, 239, 240, 241, 242, 243, 244, 245, 246, 247, 248, 249, 250, 251, 252, 253, 254, 255]
L2: [0, 1, 2, 3, 4, 5, 6, 7, 8, 9, 10, 11, 12, 13, 14, 15, 16, 17, 18, 19, 20, 21, 22, 23, 24, 25, 26, 27, 28, 29, 30, 31, 32, 33, 34, 35, 36, 37, 38, 39, 40, 41, 42, 43, 44, 45, 46, 47, 48, 49, 50, 51, 52, 53, 54, 55, 56, 57, 58, 59, 60, 61, 62, 63, 64, 65, 66, 67, 68, 69, 70, 71, 72, 73, 74, 75, 76, 77, 78, 79, 80, 81, 82, 83, 84, 85, 86, 87, 88, 89, 90, 91, 92, 93, 94, 95, 96, 97, 98, 99, 100, 101, 102, 103, 104, 105, 106, 107, 108, 109, 110, 111, 112, 113, 114, 115, 116, 117, 118, 119, 120, 121, 122, 123, 124, 125, 126, 127, 128, 129, 130, 131, 132, 133, 134, 135, 136, 137, 138, 139, 140, 141, 142, 143, 144, 145, 146, 147, 148, 149, 150, 151, 152, 153, 154, 155, 156, 157, 158, 159, 160, 161, 162, 163, 164, 165, 166, 167, 168, 169, 170, 171, 172, 173, 174, 175, 176, 177, 178, 179, 180, 181, 182, 183, 184, 185, 186, 187, 188, 189, 190, 191, 192, 193, 194, 195, 196, 197, 198, 199, 200, 201, 202, 203, 204, 205, 206, 207, 208, 209, 210, 211, 212, 213, 214, 215, 216, 217, 218, 219, 220, 221, 222, 223, 224, 225, 226, 227, 228, 229, 230, 231, 232, 233, 234, 235, 236, 237, 238, 239, 240, 241, 242, 243, 244, 245, 246, 247, 248, 249, 250, 251, 252, 253, 254, 255]
A: [0, 0, 0, 0, 0, 0, 0, 0, 0, 0, 0, 0, 0, 0, 0, 0, 0, 0, 0, 0, 0, 0, 0, 0, 0, 0, 0, 0, 0, 0, 0, 0, 0, 0, 0, 0, 0, 0, 0, 0, 0, 0, 0, 0, 0, 0, 0, 0, 0, 0, 0, 0, 0, 0, 0, 0, 0, 0, 0, 0, 0, 0, 0, 0, 0, 0, 0, 0, 0, 0, 0, 0, 0, 0, 0, 0, 0, 0, 0, 0, 0, 0, 0, 0, 0, 0, 0, 0, 0, 0, 0, 0, 0, 0, 0, 0, 0, 0, 0, 0, 0, 0, 0, 0, 0, 0, 0, 0, 0, 0, 0, 0, 0, 0, 0, 0, 0, 0, 0, 0, 0, 0, 0, 0, 0, 0, 0, 0, 0, 0, 0, 0, 0, 0, 0, 0, 0, 0, 0, 0, 0, 0, 0, 0, 0, 0, 0, 0, 0, 0, 0, 0, 0, 0, 0, 0, 0, 0, 0, 0, 0, 0, 0, 0, 0, 0, 0, 0, 0, 0, 0, 0, 0, 0, 0, 0, 0, 0, 0, 0, 0, 0, 0, 0, 0, 0, 0, 0, 0, 0, 0, 0, 0, 0, 0, 0, 0, 0, 0, 0, 0, 0, 0, 0, 0, 0, 0, 0, 0, 0, 0, 0, 0, 0, 0, 0, 0, 0, 0, 0, 0, 0, 0, 0, 0, 0, 0, 0, 0, 0, 0, 0, 0, 0, 0, 0, 0, 0, 0, 0, 0, 0, 0, 0, 0, 0, 0, 0, 0, 0, 0, 0, 0, 0, 0, 0]


