path: all/yuyin_8_420.tt
path: all/yuyin_8_420.tt
buckets_f: [{25, 55, 250}, {81, 155, 182, 134, 130, 103, 122}, {201, 222, 255, 42, 197, 200, 225, 50, 239, 16, 251, 10, 196, 237, 63, 238, 52, 243, 2, 8, 205, 37, 235}, {159, 106, 183, 90, 112, 188, 158, 154, 78, 171, 128, 186, 67, 102, 101, 71, 135, 88, 115, 181, 162, 84, 139, 118, 92, 141, 98, 76, 152, 73, 100, 148, 82, 83, 161, 108, 75, 85, 89, 72}, {203, 13, 24, 35, 44, 215, 246, 195, 30, 32, 57, 48, 204, 227, 31, 244, 217, 17, 234, 11, 27, 194, 221, 34, 14, 23, 43, 28, 240, 19, 192, 229, 219, 236, 208, 224, 59, 198, 232, 226, 233, 15, 253, 6, 56, 245}, {93, 126, 69, 166, 156, 173, 91, 140, 138, 109, 116, 120, 189, 74, 96, 131, 68, 190, 132, 142, 119, 117, 129, 125, 187, 64, 160, 70, 127, 191, 94, 170, 143, 146, 164, 77, 147, 177, 95, 144, 107, 105, 121, 104, 165, 86}, {247, 3, 249, 40, 220, 53, 214, 41, 62, 210, 213, 202, 9, 230, 5, 254, 20, 223, 26, 199, 45, 7, 21, 252, 58, 211, 47, 4, 12, 206, 49, 46, 22, 54, 212, 241, 51, 36, 248, 60, 39, 29, 218, 33, 207, 193}, {168, 180, 99, 178, 136, 111, 114, 66, 157, 124, 163, 153, 174, 123, 151, 79, 149, 172, 145, 167, 65, 184, 110, 137, 87, 185, 169, 97, 175, 179, 176, 80}, {18, 61, 228, 231, 38, 1, 216}, {113, 150, 133}, {242, 209}, {0}]
buckets_g: [{55, 250, 25}, {182, 122, 81, 134, 155, 103, 130}, {255, 50, 8, 200, 243, 235, 2, 222, 225, 238, 16, 197, 10, 239, 63, 251, 42, 196, 205, 52, 201, 37, 237}, {135, 98, 162, 108, 106, 188, 102, 139, 112, 71, 72, 82, 128, 158, 100, 83, 141, 85, 148, 67, 159, 73, 78, 84, 90, 186, 161, 115, 118, 171, 152, 101, 75, 154, 92, 183, 76, 181, 89, 88}, {44, 13, 57, 253, 27, 244, 30, 11, 236, 245, 204, 221, 56, 23, 192, 19, 35, 15, 203, 226, 34, 198, 43, 48, 219, 6, 246, 28, 233, 215, 229, 14, 208, 31, 59, 232, 24, 217, 227, 234, 194, 240, 224, 32, 17, 195}, {177, 109, 70, 190, 132, 146, 121, 173, 189, 126, 120, 119, 91, 156, 116, 166, 94, 144, 140, 131, 164, 160, 77, 74, 95, 93, 68, 86, 96, 170, 187, 147, 125, 143, 105, 127, 191, 138, 64, 107, 165, 129, 104, 142, 69, 117}, {45, 193, 202, 207, 247, 26, 51, 223, 248, 213, 54, 211, 212, 241, 230, 36, 254, 218, 21, 4, 41, 47, 29, 22, 249, 12, 40, 58, 220, 46, 39, 199, 7, 206, 5, 3, 53, 9, 60, 62, 214, 49, 33, 252, 20, 210}, {153, 99, 111, 137, 123, 174, 157, 168, 169, 136, 172, 180, 184, 175, 65, 110, 149, 178, 114, 163, 80, 97, 145, 185, 124, 151, 87, 79, 167, 179, 66, 176}, {1, 231, 18, 38, 216, 228, 61}, {150, 133, 113}, {209, 242}, {0}]
indices_f: [11, 8, 2, 6, 6, 6, 4, 6, 2, 6, 2, 4, 6, 4, 4, 4, 2, 4, 8, 4, 6, 6, 6, 4, 4, 0, 6, 4, 4, 6, 4, 4, 4, 6, 4, 4, 6, 2, 8, 6, 6, 6, 2, 4, 4, 6, 6, 6, 4, 6, 2, 6, 2, 6, 6, 0, 4, 4, 6, 4, 6, 8, 6, 2, 5, 7, 7, 3, 5, 5, 5, 3, 3, 3, 5, 3, 3, 5, 3, 7, 7, 1, 3, 3, 3, 3, 5, 7, 3, 3, 3, 5, 3, 5, 5, 5, 5, 7, 3, 7, 3, 3, 3, 1, 5, 5, 3, 5, 3, 5, 7, 7, 3, 9, 7, 3, 5, 5, 3, 5, 5, 5, 1, 7, 7, 5, 5, 5, 3, 5, 1, 5, 5, 9, 1, 3, 7, 7, 5, 3, 5, 3, 5, 5, 5, 7, 5, 5, 3, 7, 9, 7, 3, 7, 3, 1, 5, 7, 3, 3, 5, 3, 3, 7, 5, 5, 5, 7, 7, 7, 5, 3, 7, 5, 7, 7, 7, 5, 7, 7, 7, 3, 1, 3, 7, 7, 3, 5, 3, 5, 5, 5, 4, 6, 4, 4, 2, 2, 4, 6, 2, 2, 6, 4, 4, 2, 6, 6, 4, 10, 6, 6, 6, 6, 6, 4, 8, 4, 6, 4, 6, 4, 2, 6, 4, 2, 4, 4, 8, 4, 6, 8, 4, 4, 4, 2, 4, 2, 2, 2, 4, 6, 10, 2, 4, 4, 4, 6, 6, 6, 0, 2, 6, 4, 6, 2]
indices_g: [11, 8, 2, 6, 6, 6, 4, 6, 2, 6, 2, 4, 6, 4, 4, 4, 2, 4, 8, 4, 6, 6, 6, 4, 4, 0, 6, 4, 4, 6, 4, 4, 4, 6, 4, 4, 6, 2, 8, 6, 6, 6, 2, 4, 4, 6, 6, 6, 4, 6, 2, 6, 2, 6, 6, 0, 4, 4, 6, 4, 6, 8, 6, 2, 5, 7, 7, 3, 5, 5, 5, 3, 3, 3, 5, 3, 3, 5, 3, 7, 7, 1, 3, 3, 3, 3, 5, 7, 3, 3, 3, 5, 3, 5, 5, 5, 5, 7, 3, 7, 3, 3, 3, 1, 5, 5, 3, 5, 3, 5, 7, 7, 3, 9, 7, 3, 5, 5, 3, 5, 5, 5, 1, 7, 7, 5, 5, 5, 3, 5, 1, 5, 5, 9, 1, 3, 7, 7, 5, 3, 5, 3, 5, 5, 5, 7, 5, 5, 3, 7, 9, 7, 3, 7, 3, 1, 5, 7, 3, 3, 5, 3, 3, 7, 5, 5, 5, 7, 7, 7, 5, 3, 7, 5, 7, 7, 7, 5, 7, 7, 7, 3, 1, 3, 7, 7, 3, 5, 3, 5, 5, 5, 4, 6, 4, 4, 2, 2, 4, 6, 2, 2, 6, 4, 4, 2, 6, 6, 4, 10, 6, 6, 6, 6, 6, 4, 8, 4, 6, 4, 6, 4, 2, 6, 4, 2, 4, 4, 8, 4, 6, 8, 4, 4, 4, 2, 4, 2, 2, 2, 4, 6, 10, 2, 4, 4, 4, 6, 6, 6, 0, 2, 6, 4, 6, 2]
buckets are valid
L1: [0, 1, 2, 3, 4, 5, 6, 7, 8, 9, 10, 11, 12, 13, 14, 15, 16, 17, 18, 19, 20, 21, 22, 23, 24, 25, 26, 27, 28, 29, 30, 31, 32, 33, 34, 35, 36, 37, 38, 39, 40, 41, 42, 43, 44, 45, 46, 47, 48, 49, 50, 51, 52, 53, 54, 55, 56, 57, 58, 59, 60, 61, 62, 63, 64, 65, 66, 67, 68, 69, 70, 71, 72, 73, 74, 75, 76, 77, 78, 79, 80, 81, 82, 83, 84, 85, 86, 87, 88, 89, 90, 91, 92, 93, 94, 95, 96, 97, 98, 99, 100, 101, 102, 103, 104, 105, 106, 107, 108, 109, 110, 111, 112, 113, 114, 115, 116, 117, 118, 119, 120, 121, 122, 123, 124, 125, 126, 127, 128, 129, 130, 131, 132, 133, 134, 135, 136, 137, 138, 139, 140, 141, 142, 143, 144, 145, 146, 147, 148, 149, 150, 151, 152, 153, 154, 155, 156, 157, 158, 159, 160, 161, 162, 163, 164, 165, 166, 167, 168, 169, 170, 171, 172, 173, 174, 175, 176, 177, 178, 179, 180, 181, 182, 183, 184, 185, 186, 187, 188, 189, 190, 191, 192, 193, 194, 195, 196, 197, 198, 199, 200, 201, 202, 203, 204, 205, 206, 207, 208, 209, 210, 211, 212, 213, 214, 215, 216, 217, 218, 219, 220, 221, 222, 223, 224, 225, 226, 227, 228, 229, 230, 231, 232, 233, 234, 235, 236, 237, 238, 239, 240, 241, 242, 243, 244, 245, 246, 247, 248, 249, 250, 251, 252, 253, 254, 255]
L2: [0, 1, 2, 3, 4, 5, 6, 7, 8, 9, 10, 11, 12, 13, 14, 15, 16, 17, 18, 19, 20, 21, 22, 23, 24, 25, 26, 27, 28, 29, 30, 31, 32, 33, 34, 35, 36, 37, 38, 39, 40, 41, 42, 43, 44, 45, 46, 47, 48, 49, 50, 51, 52, 53, 54, 55, 56, 57, 58, 59, 60, 61, 62, 63, 64, 65, 66, 67, 68, 69, 70, 71, 72, 73, 74, 75, 76, 77, 78, 79, 80, 81, 82, 83, 84, 85, 86, 87, 88, 89, 90, 91, 92, 93, 94, 95, 96, 97, 98, 99, 100, 101, 102, 103, 104, 105, 106, 107, 108, 109, 110, 111, 112, 113, 114, 115, 116, 117, 118, 119, 120, 121, 122, 123, 124, 125, 126, 127, 128, 129, 130, 131, 132, 133, 134, 135, 136, 137, 138, 139, 140, 141, 142, 143, 144, 145, 146, 147, 148, 149, 150, 151, 152, 153, 154, 155, 156, 157, 158, 159, 160, 161, 162, 163, 164, 165, 166, 167, 168, 169, 170, 171, 172, 173, 174, 175, 176, 177, 178, 179, 180, 181, 182, 183, 184, 185, 186, 187, 188, 189, 190, 191, 192, 193, 194, 195, 196, 197, 198, 199, 200, 201, 202, 203, 204, 205, 206, 207, 208, 209, 210, 211, 212, 213, 214, 215, 216, 217, 218, 219, 220, 221, 222, 223, 224, 225, 226, 227, 228, 229, 230, 231, 232, 233, 234, 235, 236, 237, 238, 239, 240, 241, 242, 243, 244, 245, 246, 247, 248, 249, 250, 251, 252, 253, 254, 255]
A: [0, 0, 0, 0, 0, 0, 0, 0, 0, 0, 0, 0, 0, 0, 0, 0, 0, 0, 0, 0, 0, 0, 0, 0, 0, 0, 0, 0, 0, 0, 0, 0, 0, 0, 0, 0, 0, 0, 0, 0, 0, 0, 0, 0, 0, 0, 0, 0, 0, 0, 0, 0, 0, 0, 0, 0, 0, 0, 0, 0, 0, 0, 0, 0, 0, 0, 0, 0, 0, 0, 0, 0, 0, 0, 0, 0, 0, 0, 0, 0, 0, 0, 0, 0, 0, 0, 0, 0, 0, 0, 0, 0, 0, 0, 0, 0, 0, 0, 0, 0, 0, 0, 0, 0, 0, 0, 0, 0, 0, 0, 0, 0, 0, 0, 0, 0, 0, 0, 0, 0, 0, 0, 0, 0, 0, 0, 0, 0, 0, 0, 0, 0, 0, 0, 0, 0, 0, 0, 0, 0, 0, 0, 0, 0, 0, 0, 0, 0, 0, 0, 0, 0, 0, 0, 0, 0, 0, 0, 0, 0, 0, 0, 0, 0, 0, 0, 0, 0, 0, 0, 0, 0, 0, 0, 0, 0, 0, 0, 0, 0, 0, 0, 0, 0, 0, 0, 0, 0, 0, 0, 0, 0, 0, 0, 0, 0, 0, 0, 0, 0, 0, 0, 0, 0, 0, 0, 0, 0, 0, 0, 0, 0, 0, 0, 0, 0, 0, 0, 0, 0, 0, 0, 0, 0, 0, 0, 0, 0, 0, 0, 0, 0, 0, 0, 0, 0, 0, 0, 0, 0, 0, 0, 0, 0, 0, 0, 0, 0, 0, 0, 0, 0, 0, 0, 0, 0]


