path: all/yuyin_8_2943.tt
path: all/yuyin_8_2943.tt
buckets_f: [{144, 233, 154}, {7, 234, 137, 140, 136, 202, 244, 51, 95, 34, 106, 96, 192}, {36, 119, 71, 205, 243, 161, 181, 165, 242, 5, 145, 121, 252, 230, 46}, {241, 184, 9, 116, 179, 65, 223, 178, 38, 131, 112, 69, 141, 163, 2, 208, 45, 23, 50, 80, 18, 130, 84, 196, 78, 222, 44, 229, 64, 156, 228, 75, 113, 74, 111, 39, 173, 219}, {204, 253, 220, 11, 195, 59, 72, 17, 33, 190, 128, 52, 149, 49, 226, 177, 31, 4, 211, 14, 247, 148, 102, 232, 37, 76, 115, 20, 187, 231, 194, 191, 139, 88, 201, 47, 210, 16, 27, 26, 214, 160, 248, 77, 58, 103, 171, 236}, {134, 91, 146, 147, 123, 90, 254, 57, 224, 218, 12, 206, 169, 239, 152, 245, 166, 255, 85, 41, 13, 150, 122, 238, 183, 107, 207, 117, 3, 153, 25, 79, 188, 8, 127, 29, 157, 251, 19, 60, 168, 68, 6, 28, 209, 240, 172, 61}, {93, 164, 246, 221, 215, 108, 143, 82, 132, 175, 118, 129, 15, 114, 159, 98, 86, 176, 73, 92, 53, 21, 62, 104, 138, 109, 216, 43, 125, 170, 70, 155, 180, 142, 42, 124, 198, 1, 217, 186, 158, 237, 174, 133, 30, 89, 67, 87}, {94, 213, 197, 56, 100, 193, 126, 22, 182, 135, 162, 35, 55, 189, 212, 24, 235, 40, 151, 81, 250, 225, 203, 167, 185, 54}, {48, 199, 120, 32, 105, 99, 200, 83, 249, 63, 10, 227, 66}, {97, 101, 110}, {0}]
buckets_g: [{233, 154, 144}, {96, 51, 7, 234, 95, 34, 202, 244, 106, 140, 137, 192, 136}, {242, 161, 252, 121, 181, 5, 165, 46, 36, 119, 145, 243, 71, 205, 230}, {39, 65, 241, 18, 45, 229, 84, 9, 78, 111, 112, 75, 130, 64, 141, 50, 74, 131, 2, 23, 116, 113, 223, 219, 173, 163, 208, 196, 178, 69, 156, 222, 228, 179, 184, 38, 80, 44}, {103, 4, 149, 58, 191, 128, 27, 204, 194, 195, 26, 220, 115, 88, 139, 33, 148, 171, 247, 49, 160, 20, 177, 232, 102, 253, 201, 236, 17, 47, 76, 187, 31, 14, 214, 231, 190, 210, 72, 211, 248, 77, 52, 11, 16, 226, 37, 59}, {41, 157, 107, 19, 79, 3, 183, 8, 255, 29, 153, 172, 60, 91, 218, 25, 134, 224, 169, 188, 6, 90, 251, 127, 57, 123, 147, 122, 239, 166, 207, 245, 13, 12, 254, 146, 85, 238, 117, 28, 61, 68, 152, 168, 150, 240, 206, 209}, {155, 143, 53, 42, 93, 175, 158, 129, 70, 108, 82, 30, 198, 215, 86, 114, 1, 164, 142, 132, 174, 98, 170, 118, 104, 62, 125, 89, 21, 133, 92, 217, 15, 43, 246, 67, 186, 237, 138, 159, 87, 109, 180, 73, 216, 176, 124, 221}, {151, 167, 235, 213, 212, 225, 56, 185, 54, 250, 162, 100, 24, 81, 182, 135, 197, 189, 40, 126, 193, 35, 55, 94, 203, 22}, {105, 249, 99, 63, 32, 10, 227, 200, 120, 199, 48, 83, 66}, {110, 97, 101}, {0}]
indices_f: [10, 6, 3, 5, 4, 2, 5, 1, 5, 3, 8, 4, 5, 5, 4, 6, 4, 4, 3, 5, 4, 6, 7, 3, 7, 5, 4, 4, 5, 5, 6, 4, 8, 4, 1, 7, 2, 4, 3, 3, 7, 5, 6, 6, 3, 3, 2, 4, 8, 4, 3, 1, 4, 6, 7, 7, 7, 5, 4, 4, 5, 5, 6, 8, 3, 3, 8, 6, 5, 3, 6, 2, 4, 6, 3, 3, 4, 4, 3, 5, 3, 7, 6, 8, 3, 5, 6, 6, 4, 6, 5, 5, 6, 6, 7, 1, 1, 9, 6, 8, 7, 9, 4, 4, 6, 8, 1, 5, 6, 6, 9, 3, 3, 3, 6, 4, 3, 5, 6, 2, 8, 2, 5, 5, 6, 6, 7, 5, 4, 6, 3, 3, 6, 6, 5, 7, 1, 1, 6, 4, 1, 3, 6, 6, 0, 2, 5, 5, 4, 4, 5, 7, 5, 5, 0, 6, 3, 5, 6, 6, 4, 2, 7, 3, 6, 2, 5, 7, 5, 5, 6, 4, 5, 3, 6, 6, 6, 4, 3, 3, 6, 2, 7, 5, 3, 7, 6, 4, 5, 7, 4, 4, 1, 7, 4, 4, 3, 7, 6, 8, 8, 4, 1, 7, 4, 2, 5, 5, 3, 5, 4, 4, 7, 7, 4, 6, 6, 6, 5, 3, 4, 6, 3, 3, 5, 7, 4, 8, 3, 3, 2, 4, 4, 0, 1, 7, 4, 6, 5, 5, 5, 3, 2, 2, 1, 5, 6, 4, 4, 8, 7, 5, 2, 4, 5, 5]
indices_g: [10, 6, 3, 5, 4, 2, 5, 1, 5, 3, 8, 4, 5, 5, 4, 6, 4, 4, 3, 5, 4, 6, 7, 3, 7, 5, 4, 4, 5, 5, 6, 4, 8, 4, 1, 7, 2, 4, 3, 3, 7, 5, 6, 6, 3, 3, 2, 4, 8, 4, 3, 1, 4, 6, 7, 7, 7, 5, 4, 4, 5, 5, 6, 8, 3, 3, 8, 6, 5, 3, 6, 2, 4, 6, 3, 3, 4, 4, 3, 5, 3, 7, 6, 8, 3, 5, 6, 6, 4, 6, 5, 5, 6, 6, 7, 1, 1, 9, 6, 8, 7, 9, 4, 4, 6, 8, 1, 5, 6, 6, 9, 3, 3, 3, 6, 4, 3, 5, 6, 2, 8, 2, 5, 5, 6, 6, 7, 5, 4, 6, 3, 3, 6, 6, 5, 7, 1, 1, 6, 4, 1, 3, 6, 6, 0, 2, 5, 5, 4, 4, 5, 7, 5, 5, 0, 6, 3, 5, 6, 6, 4, 2, 7, 3, 6, 2, 5, 7, 5, 5, 6, 4, 5, 3, 6, 6, 6, 4, 3, 3, 6, 2, 7, 5, 3, 7, 6, 4, 5, 7, 4, 4, 1, 7, 4, 4, 3, 7, 6, 8, 8, 4, 1, 7, 4, 2, 5, 5, 3, 5, 4, 4, 7, 7, 4, 6, 6, 6, 5, 3, 4, 6, 3, 3, 5, 7, 4, 8, 3, 3, 2, 4, 4, 0, 1, 7, 4, 6, 5, 5, 5, 3, 2, 2, 1, 5, 6, 4, 4, 8, 7, 5, 2, 4, 5, 5]
buckets are valid
L1: [0, 1, 2, 3, 4, 5, 6, 7, 8, 9, 10, 11, 12, 13, 14, 15, 16, 17, 18, 19, 20, 21, 22, 23, 24, 25, 26, 27, 28, 29, 30, 31, 32, 33, 34, 35, 36, 37, 38, 39, 40, 41, 42, 43, 44, 45, 46, 47, 48, 49, 50, 51, 52, 53, 54, 55, 56, 57, 58, 59, 60, 61, 62, 63, 64, 65, 66, 67, 68, 69, 70, 71, 72, 73, 74, 75, 76, 77, 78, 79, 80, 81, 82, 83, 84, 85, 86, 87, 88, 89, 90, 91, 92, 93, 94, 95, 96, 97, 98, 99, 100, 101, 102, 103, 104, 105, 106, 107, 108, 109, 110, 111, 112, 113, 114, 115, 116, 117, 118, 119, 120, 121, 122, 123, 124, 125, 126, 127, 128, 129, 130, 131, 132, 133, 134, 135, 136, 137, 138, 139, 140, 141, 142, 143, 144, 145, 146, 147, 148, 149, 150, 151, 152, 153, 154, 155, 156, 157, 158, 159, 160, 161, 162, 163, 164, 165, 166, 167, 168, 169, 170, 171, 172, 173, 174, 175, 176, 177, 178, 179, 180, 181, 182, 183, 184, 185, 186, 187, 188, 189, 190, 191, 192, 193, 194, 195, 196, 197, 198, 199, 200, 201, 202, 203, 204, 205, 206, 207, 208, 209, 210, 211, 212, 213, 214, 215, 216, 217, 218, 219, 220, 221, 222, 223, 224, 225, 226, 227, 228, 229, 230, 231, 232, 233, 234, 235, 236, 237, 238, 239, 240, 241, 242, 243, 244, 245, 246, 247, 248, 249, 250, 251, 252, 253, 254, 255]
L2: [0, 1, 2, 3, 4, 5, 6, 7, 8, 9, 10, 11, 12, 13, 14, 15, 16, 17, 18, 19, 20, 21, 22, 23, 24, 25, 26, 27, 28, 29, 30, 31, 32, 33, 34, 35, 36, 37, 38, 39, 40, 41, 42, 43, 44, 45, 46, 47, 48, 49, 50, 51, 52, 53, 54, 55, 56, 57, 58, 59, 60, 61, 62, 63, 64, 65, 66, 67, 68, 69, 70, 71, 72, 73, 74, 75, 76, 77, 78, 79, 80, 81, 82, 83, 84, 85, 86, 87, 88, 89, 90, 91, 92, 93, 94, 95, 96, 97, 98, 99, 100, 101, 102, 103, 104, 105, 106, 107, 108, 109, 110, 111, 112, 113, 114, 115, 116, 117, 118, 119, 120, 121, 122, 123, 124, 125, 126, 127, 128, 129, 130, 131, 132, 133, 134, 135, 136, 137, 138, 139, 140, 141, 142, 143, 144, 145, 146, 147, 148, 149, 150, 151, 152, 153, 154, 155, 156, 157, 158, 159, 160, 161, 162, 163, 164, 165, 166, 167, 168, 169, 170, 171, 172, 173, 174, 175, 176, 177, 178, 179, 180, 181, 182, 183, 184, 185, 186, 187, 188, 189, 190, 191, 192, 193, 194, 195, 196, 197, 198, 199, 200, 201, 202, 203, 204, 205, 206, 207, 208, 209, 210, 211, 212, 213, 214, 215, 216, 217, 218, 219, 220, 221, 222, 223, 224, 225, 226, 227, 228, 229, 230, 231, 232, 233, 234, 235, 236, 237, 238, 239, 240, 241, 242, 243, 244, 245, 246, 247, 248, 249, 250, 251, 252, 253, 254, 255]
A: [0, 0, 0, 0, 0, 0, 0, 0, 0, 0, 0, 0, 0, 0, 0, 0, 0, 0, 0, 0, 0, 0, 0, 0, 0, 0, 0, 0, 0, 0, 0, 0, 0, 0, 0, 0, 0, 0, 0, 0, 0, 0, 0, 0, 0, 0, 0, 0, 0, 0, 0, 0, 0, 0, 0, 0, 0, 0, 0, 0, 0, 0, 0, 0, 0, 0, 0, 0, 0, 0, 0, 0, 0, 0, 0, 0, 0, 0, 0, 0, 0, 0, 0, 0, 0, 0, 0, 0, 0, 0, 0, 0, 0, 0, 0, 0, 0, 0, 0, 0, 0, 0, 0, 0, 0, 0, 0, 0, 0, 0, 0, 0, 0, 0, 0, 0, 0, 0, 0, 0, 0, 0, 0, 0, 0, 0, 0, 0, 0, 0, 0, 0, 0, 0, 0, 0, 0, 0, 0, 0, 0, 0, 0, 0, 0, 0, 0, 0, 0, 0, 0, 0, 0, 0, 0, 0, 0, 0, 0, 0, 0, 0, 0, 0, 0, 0, 0, 0, 0, 0, 0, 0, 0, 0, 0, 0, 0, 0, 0, 0, 0, 0, 0, 0, 0, 0, 0, 0, 0, 0, 0, 0, 0, 0, 0, 0, 0, 0, 0, 0, 0, 0, 0, 0, 0, 0, 0, 0, 0, 0, 0, 0, 0, 0, 0, 0, 0, 0, 0, 0, 0, 0, 0, 0, 0, 0, 0, 0, 0, 0, 0, 0, 0, 0, 0, 0, 0, 0, 0, 0, 0, 0, 0, 0, 0, 0, 0, 0, 0, 0, 0, 0, 0, 0, 0, 0]


