path: all/yuyin2_424.tt
path: all/yuyin2_424.tt
buckets_f: [{23, 40, 164, 6, 240, 202, 8}, {148, 88, 9, 210, 141}, {245, 113, 32, 193, 150, 147, 109, 251, 201, 92, 96, 107, 176, 64, 18}, {128, 154, 183, 98, 39, 217, 53, 160, 247, 192, 166, 123, 229, 30, 10, 168, 223, 180, 220, 100, 142, 93, 65, 232, 22, 47, 80, 2, 126, 7, 237, 241, 198, 209, 120, 94, 165, 218, 238, 159, 163, 59, 203}, {233, 72, 236, 121, 3, 49, 14, 243, 190, 175, 143, 228, 152, 170, 158, 110, 77, 144, 219, 231, 95, 225, 157, 37, 31, 169, 189, 52, 155, 222, 43, 161, 28, 35, 124, 13, 226, 102, 172, 179, 199, 196, 130, 17, 181, 84, 254, 132}, {74, 230, 215, 42, 29, 191, 83, 61, 156, 103, 255, 133, 185, 19, 73, 108, 16, 227, 91, 205, 12, 34, 134, 174, 76, 195, 153, 146, 197, 178, 252, 33, 56, 85, 145, 66, 151, 117, 171, 112, 242, 139, 27, 79, 244, 44, 71, 97}, {5, 90, 221, 57, 70, 114, 253, 234, 119, 246, 182, 55, 167, 99, 46, 184, 78, 207, 81, 162, 82, 58, 50, 137, 213, 187, 127, 60, 216, 45, 25, 194, 20, 26, 214, 211, 69, 75, 129, 67, 116, 239, 208, 135, 138, 122, 63, 38}, {131, 118, 48, 15, 62, 186, 21, 36, 1, 24, 115, 250, 41, 188, 4, 136, 54, 200, 68, 173, 235, 51, 125, 105, 212, 224, 106, 249}, {101, 149, 104, 140, 87, 248, 204, 11, 89}, {206, 111, 177}, {86}, {0}]
buckets_g: [{23, 164, 8, 240, 40, 6, 202}, {141, 148, 210, 9, 88}, {92, 176, 18, 64, 193, 96, 201, 150, 245, 32, 107, 109, 147, 113, 251}, {65, 166, 94, 126, 232, 241, 123, 100, 247, 223, 220, 229, 217, 165, 183, 22, 180, 2, 163, 53, 39, 120, 7, 238, 98, 30, 59, 154, 142, 198, 192, 159, 80, 209, 237, 168, 203, 218, 10, 128, 160, 47, 93}, {169, 14, 130, 226, 231, 219, 49, 72, 190, 17, 170, 124, 52, 222, 77, 225, 121, 37, 28, 102, 84, 155, 161, 158, 43, 175, 236, 254, 228, 13, 31, 132, 199, 196, 152, 157, 189, 233, 179, 143, 172, 144, 181, 110, 3, 243, 35, 95}, {174, 153, 244, 227, 97, 197, 73, 191, 171, 112, 42, 215, 16, 195, 19, 230, 242, 66, 117, 145, 252, 76, 146, 91, 33, 29, 56, 255, 205, 156, 27, 71, 34, 151, 134, 83, 108, 44, 79, 133, 74, 61, 103, 139, 185, 12, 85, 178}, {26, 187, 67, 75, 45, 208, 55, 25, 184, 207, 119, 60, 127, 69, 46, 129, 99, 221, 194, 253, 182, 246, 137, 38, 216, 135, 213, 211, 162, 5, 58, 82, 167, 78, 234, 81, 90, 122, 57, 239, 20, 214, 138, 63, 50, 114, 70, 116}, {235, 36, 125, 24, 224, 173, 21, 48, 62, 115, 250, 200, 212, 15, 131, 4, 105, 41, 54, 186, 188, 51, 136, 249, 1, 118, 106, 68}, {89, 149, 101, 87, 140, 11, 204, 248, 104}, {206, 111, 177}, {86}, {0}]
indices_f: [11, 7, 3, 4, 7, 6, 0, 3, 0, 1, 3, 8, 5, 4, 4, 7, 5, 4, 2, 5, 6, 7, 3, 0, 7, 6, 6, 5, 4, 5, 3, 4, 2, 5, 5, 4, 7, 4, 6, 3, 0, 7, 5, 4, 5, 6, 6, 3, 7, 4, 6, 7, 4, 3, 7, 6, 5, 6, 6, 3, 6, 5, 7, 6, 2, 3, 5, 6, 7, 6, 6, 5, 4, 5, 5, 6, 5, 4, 6, 5, 3, 6, 6, 5, 4, 5, 10, 8, 1, 8, 6, 5, 2, 3, 3, 4, 2, 5, 3, 6, 3, 8, 4, 5, 8, 7, 7, 2, 5, 2, 4, 9, 5, 2, 6, 7, 6, 5, 7, 6, 3, 4, 6, 3, 4, 7, 3, 6, 3, 6, 4, 7, 4, 5, 5, 6, 7, 6, 6, 5, 8, 1, 3, 4, 4, 5, 5, 2, 1, 8, 2, 5, 4, 5, 3, 4, 5, 4, 4, 3, 3, 4, 6, 3, 0, 3, 3, 6, 3, 4, 4, 5, 4, 7, 5, 4, 2, 9, 5, 4, 3, 4, 6, 3, 6, 5, 7, 6, 7, 4, 4, 5, 3, 2, 6, 5, 4, 5, 3, 4, 7, 2, 0, 3, 8, 5, 9, 6, 6, 3, 1, 6, 7, 6, 6, 5, 6, 3, 3, 4, 3, 6, 4, 3, 7, 4, 4, 5, 4, 3, 5, 4, 3, 4, 6, 7, 4, 3, 3, 6, 0, 3, 5, 4, 5, 2, 6, 3, 8, 7, 7, 2, 5, 6, 4, 5]
indices_g: [11, 7, 3, 4, 7, 6, 0, 3, 0, 1, 3, 8, 5, 4, 4, 7, 5, 4, 2, 5, 6, 7, 3, 0, 7, 6, 6, 5, 4, 5, 3, 4, 2, 5, 5, 4, 7, 4, 6, 3, 0, 7, 5, 4, 5, 6, 6, 3, 7, 4, 6, 7, 4, 3, 7, 6, 5, 6, 6, 3, 6, 5, 7, 6, 2, 3, 5, 6, 7, 6, 6, 5, 4, 5, 5, 6, 5, 4, 6, 5, 3, 6, 6, 5, 4, 5, 10, 8, 1, 8, 6, 5, 2, 3, 3, 4, 2, 5, 3, 6, 3, 8, 4, 5, 8, 7, 7, 2, 5, 2, 4, 9, 5, 2, 6, 7, 6, 5, 7, 6, 3, 4, 6, 3, 4, 7, 3, 6, 3, 6, 4, 7, 4, 5, 5, 6, 7, 6, 6, 5, 8, 1, 3, 4, 4, 5, 5, 2, 1, 8, 2, 5, 4, 5, 3, 4, 5, 4, 4, 3, 3, 4, 6, 3, 0, 3, 3, 6, 3, 4, 4, 5, 4, 7, 5, 4, 2, 9, 5, 4, 3, 4, 6, 3, 6, 5, 7, 6, 7, 4, 4, 5, 3, 2, 6, 5, 4, 5, 3, 4, 7, 2, 0, 3, 8, 5, 9, 6, 6, 3, 1, 6, 7, 6, 6, 5, 6, 3, 3, 4, 3, 6, 4, 3, 7, 4, 4, 5, 4, 3, 5, 4, 3, 4, 6, 7, 4, 3, 3, 6, 0, 3, 5, 4, 5, 2, 6, 3, 8, 7, 7, 2, 5, 6, 4, 5]
buckets are valid
L1: [0, 1, 2, 3, 4, 5, 6, 7, 8, 9, 10, 11, 12, 13, 14, 15, 16, 17, 18, 19, 20, 21, 22, 23, 24, 25, 26, 27, 28, 29, 30, 31, 32, 33, 34, 35, 36, 37, 38, 39, 40, 41, 42, 43, 44, 45, 46, 47, 48, 49, 50, 51, 52, 53, 54, 55, 56, 57, 58, 59, 60, 61, 62, 63, 64, 65, 66, 67, 68, 69, 70, 71, 72, 73, 74, 75, 76, 77, 78, 79, 80, 81, 82, 83, 84, 85, 86, 87, 88, 89, 90, 91, 92, 93, 94, 95, 96, 97, 98, 99, 100, 101, 102, 103, 104, 105, 106, 107, 108, 109, 110, 111, 112, 113, 114, 115, 116, 117, 118, 119, 120, 121, 122, 123, 124, 125, 126, 127, 128, 129, 130, 131, 132, 133, 134, 135, 136, 137, 138, 139, 140, 141, 142, 143, 144, 145, 146, 147, 148, 149, 150, 151, 152, 153, 154, 155, 156, 157, 158, 159, 160, 161, 162, 163, 164, 165, 166, 167, 168, 169, 170, 171, 172, 173, 174, 175, 176, 177, 178, 179, 180, 181, 182, 183, 184, 185, 186, 187, 188, 189, 190, 191, 192, 193, 194, 195, 196, 197, 198, 199, 200, 201, 202, 203, 204, 205, 206, 207, 208, 209, 210, 211, 212, 213, 214, 215, 216, 217, 218, 219, 220, 221, 222, 223, 224, 225, 226, 227, 228, 229, 230, 231, 232, 233, 234, 235, 236, 237, 238, 239, 240, 241, 242, 243, 244, 245, 246, 247, 248, 249, 250, 251, 252, 253, 254, 255]
L2: [0, 1, 2, 3, 4, 5, 6, 7, 8, 9, 10, 11, 12, 13, 14, 15, 16, 17, 18, 19, 20, 21, 22, 23, 24, 25, 26, 27, 28, 29, 30, 31, 32, 33, 34, 35, 36, 37, 38, 39, 40, 41, 42, 43, 44, 45, 46, 47, 48, 49, 50, 51, 52, 53, 54, 55, 56, 57, 58, 59, 60, 61, 62, 63, 64, 65, 66, 67, 68, 69, 70, 71, 72, 73, 74, 75, 76, 77, 78, 79, 80, 81, 82, 83, 84, 85, 86, 87, 88, 89, 90, 91, 92, 93, 94, 95, 96, 97, 98, 99, 100, 101, 102, 103, 104, 105, 106, 107, 108, 109, 110, 111, 112, 113, 114, 115, 116, 117, 118, 119, 120, 121, 122, 123, 124, 125, 126, 127, 128, 129, 130, 131, 132, 133, 134, 135, 136, 137, 138, 139, 140, 141, 142, 143, 144, 145, 146, 147, 148, 149, 150, 151, 152, 153, 154, 155, 156, 157, 158, 159, 160, 161, 162, 163, 164, 165, 166, 167, 168, 169, 170, 171, 172, 173, 174, 175, 176, 177, 178, 179, 180, 181, 182, 183, 184, 185, 186, 187, 188, 189, 190, 191, 192, 193, 194, 195, 196, 197, 198, 199, 200, 201, 202, 203, 204, 205, 206, 207, 208, 209, 210, 211, 212, 213, 214, 215, 216, 217, 218, 219, 220, 221, 222, 223, 224, 225, 226, 227, 228, 229, 230, 231, 232, 233, 234, 235, 236, 237, 238, 239, 240, 241, 242, 243, 244, 245, 246, 247, 248, 249, 250, 251, 252, 253, 254, 255]
A: [0, 0, 0, 0, 0, 0, 0, 0, 0, 0, 0, 0, 0, 0, 0, 0, 0, 0, 0, 0, 0, 0, 0, 0, 0, 0, 0, 0, 0, 0, 0, 0, 0, 0, 0, 0, 0, 0, 0, 0, 0, 0, 0, 0, 0, 0, 0, 0, 0, 0, 0, 0, 0, 0, 0, 0, 0, 0, 0, 0, 0, 0, 0, 0, 0, 0, 0, 0, 0, 0, 0, 0, 0, 0, 0, 0, 0, 0, 0, 0, 0, 0, 0, 0, 0, 0, 0, 0, 0, 0, 0, 0, 0, 0, 0, 0, 0, 0, 0, 0, 0, 0, 0, 0, 0, 0, 0, 0, 0, 0, 0, 0, 0, 0, 0, 0, 0, 0, 0, 0, 0, 0, 0, 0, 0, 0, 0, 0, 0, 0, 0, 0, 0, 0, 0, 0, 0, 0, 0, 0, 0, 0, 0, 0, 0, 0, 0, 0, 0, 0, 0, 0, 0, 0, 0, 0, 0, 0, 0, 0, 0, 0, 0, 0, 0, 0, 0, 0, 0, 0, 0, 0, 0, 0, 0, 0, 0, 0, 0, 0, 0, 0, 0, 0, 0, 0, 0, 0, 0, 0, 0, 0, 0, 0, 0, 0, 0, 0, 0, 0, 0, 0, 0, 0, 0, 0, 0, 0, 0, 0, 0, 0, 0, 0, 0, 0, 0, 0, 0, 0, 0, 0, 0, 0, 0, 0, 0, 0, 0, 0, 0, 0, 0, 0, 0, 0, 0, 0, 0, 0, 0, 0, 0, 0, 0, 0, 0, 0, 0, 0, 0, 0, 0, 0, 0, 0]


