path: all/yuyin_8_6011.tt
path: all/yuyin_8_6011.tt
buckets_f: [{120, 136, 150}, {3, 97, 54, 208, 50, 113, 159, 147}, {12, 146, 252, 232, 217, 104, 57, 28, 165, 102, 193, 187, 69, 203, 93, 83, 224, 223}, {153, 64, 253, 196, 60, 115, 107, 178, 251, 220, 38, 25, 188, 56, 99, 68, 80, 127, 109, 31, 249, 62, 121, 139, 123, 222, 103, 190, 239, 21, 162, 11, 170, 105, 243, 133, 23, 202, 247, 157, 13, 72, 17, 1, 52, 245}, {59, 183, 39, 250, 98, 226, 47, 209, 138, 228, 185, 71, 30, 130, 87, 175, 65, 215, 63, 140, 108, 199, 124, 240, 171, 144, 122, 8, 230, 201, 112, 75, 189, 41, 246, 254, 219, 45, 35, 173, 16, 191, 244, 67, 61, 89}, {58, 198, 241, 204, 74, 151, 231, 225, 168, 141, 210, 184, 164, 172, 76, 194, 70, 182, 19, 111, 200, 46, 90, 32, 48, 237, 212, 255, 206, 7, 216, 125, 5, 149, 192, 119, 36, 229, 15, 29, 42, 117, 34, 44, 174, 78}, {152, 126, 234, 37, 106, 100, 163, 114, 20, 213, 53, 221, 91, 169, 73, 85, 195, 26, 22, 158, 197, 236, 81, 43, 51, 128, 142, 154, 18, 181, 207, 24, 116, 79, 161, 110, 6, 96, 205, 77, 118, 49, 242, 95}, {166, 88, 101, 143, 186, 86, 129, 235, 40, 94, 135, 92, 227, 218, 82, 137, 155, 233, 66, 160, 27, 180, 214, 176, 145, 9}, {33, 177, 167, 248, 134, 156, 148, 132, 2, 10, 238, 55, 14, 211, 179}, {84, 131}, {4}, {0}]
buckets_g: [{150, 136, 120}, {113, 159, 147, 54, 50, 97, 3, 208}, {93, 102, 146, 104, 69, 252, 217, 83, 193, 224, 232, 187, 28, 12, 165, 223, 203, 57}, {188, 23, 25, 245, 13, 64, 127, 103, 243, 251, 56, 38, 133, 249, 60, 109, 220, 1, 121, 162, 202, 72, 178, 52, 68, 115, 222, 21, 247, 80, 196, 107, 17, 139, 123, 239, 62, 105, 190, 31, 11, 253, 157, 99, 153, 170}, {61, 240, 226, 189, 244, 71, 185, 30, 75, 67, 16, 209, 41, 171, 47, 35, 201, 130, 59, 39, 89, 144, 254, 108, 228, 191, 173, 124, 45, 112, 140, 65, 219, 87, 215, 230, 63, 250, 8, 98, 199, 183, 175, 138, 246, 122}, {200, 174, 206, 42, 36, 111, 5, 204, 32, 34, 70, 182, 216, 184, 231, 172, 48, 255, 58, 198, 29, 149, 78, 46, 119, 117, 164, 90, 241, 151, 141, 194, 229, 7, 237, 76, 74, 44, 15, 210, 125, 168, 19, 225, 192, 212}, {100, 77, 207, 6, 81, 242, 154, 24, 79, 22, 116, 49, 221, 205, 181, 158, 26, 195, 236, 152, 213, 110, 53, 43, 73, 37, 95, 234, 96, 51, 118, 126, 169, 91, 163, 142, 20, 85, 18, 161, 114, 197, 128, 106}, {235, 92, 135, 145, 180, 186, 86, 82, 27, 233, 166, 66, 129, 160, 9, 88, 143, 137, 40, 155, 101, 94, 176, 214, 218, 227}, {148, 211, 33, 14, 10, 156, 167, 248, 55, 238, 134, 179, 132, 2, 177}, {131, 84}, {4}, {0}]
indices_f: [11, 3, 8, 1, 10, 5, 6, 5, 4, 7, 8, 3, 2, 3, 8, 5, 4, 3, 6, 5, 6, 3, 6, 3, 6, 3, 6, 7, 2, 5, 4, 3, 5, 8, 5, 4, 5, 6, 3, 4, 7, 4, 5, 6, 5, 4, 5, 4, 5, 6, 1, 6, 3, 6, 1, 8, 3, 2, 5, 4, 3, 4, 3, 4, 3, 4, 7, 4, 3, 2, 5, 4, 3, 6, 5, 4, 5, 6, 5, 6, 3, 6, 7, 2, 9, 6, 7, 4, 7, 4, 5, 6, 7, 2, 7, 6, 6, 1, 4, 3, 6, 7, 2, 3, 2, 3, 6, 3, 4, 3, 6, 5, 4, 1, 6, 3, 6, 5, 6, 5, 0, 3, 4, 3, 4, 5, 6, 3, 6, 7, 4, 9, 8, 3, 8, 7, 0, 7, 4, 3, 4, 5, 6, 7, 4, 7, 2, 1, 8, 5, 0, 5, 6, 3, 6, 7, 8, 3, 6, 1, 7, 6, 3, 6, 5, 2, 7, 8, 5, 6, 3, 4, 5, 4, 5, 4, 7, 8, 3, 8, 7, 6, 5, 4, 5, 4, 7, 2, 3, 4, 3, 4, 5, 2, 5, 6, 3, 6, 5, 4, 5, 4, 3, 2, 5, 6, 5, 6, 1, 4, 5, 8, 5, 6, 7, 4, 5, 2, 7, 4, 3, 6, 3, 2, 2, 5, 4, 7, 4, 5, 4, 5, 2, 7, 6, 7, 6, 5, 8, 3, 4, 5, 6, 3, 4, 3, 4, 3, 8, 3, 4, 3, 2, 3, 4, 5]
indices_g: [11, 3, 8, 1, 10, 5, 6, 5, 4, 7, 8, 3, 2, 3, 8, 5, 4, 3, 6, 5, 6, 3, 6, 3, 6, 3, 6, 7, 2, 5, 4, 3, 5, 8, 5, 4, 5, 6, 3, 4, 7, 4, 5, 6, 5, 4, 5, 4, 5, 6, 1, 6, 3, 6, 1, 8, 3, 2, 5, 4, 3, 4, 3, 4, 3, 4, 7, 4, 3, 2, 5, 4, 3, 6, 5, 4, 5, 6, 5, 6, 3, 6, 7, 2, 9, 6, 7, 4, 7, 4, 5, 6, 7, 2, 7, 6, 6, 1, 4, 3, 6, 7, 2, 3, 2, 3, 6, 3, 4, 3, 6, 5, 4, 1, 6, 3, 6, 5, 6, 5, 0, 3, 4, 3, 4, 5, 6, 3, 6, 7, 4, 9, 8, 3, 8, 7, 0, 7, 4, 3, 4, 5, 6, 7, 4, 7, 2, 1, 8, 5, 0, 5, 6, 3, 6, 7, 8, 3, 6, 1, 7, 6, 3, 6, 5, 2, 7, 8, 5, 6, 3, 4, 5, 4, 5, 4, 7, 8, 3, 8, 7, 6, 5, 4, 5, 4, 7, 2, 3, 4, 3, 4, 5, 2, 5, 6, 3, 6, 5, 4, 5, 4, 3, 2, 5, 6, 5, 6, 1, 4, 5, 8, 5, 6, 7, 4, 5, 2, 7, 4, 3, 6, 3, 2, 2, 5, 4, 7, 4, 5, 4, 5, 2, 7, 6, 7, 6, 5, 8, 3, 4, 5, 6, 3, 4, 3, 4, 3, 8, 3, 4, 3, 2, 3, 4, 5]
buckets are valid
L1: [0, 1, 2, 3, 4, 5, 6, 7, 8, 9, 10, 11, 12, 13, 14, 15, 16, 17, 18, 19, 20, 21, 22, 23, 24, 25, 26, 27, 28, 29, 30, 31, 32, 33, 34, 35, 36, 37, 38, 39, 40, 41, 42, 43, 44, 45, 46, 47, 48, 49, 50, 51, 52, 53, 54, 55, 56, 57, 58, 59, 60, 61, 62, 63, 64, 65, 66, 67, 68, 69, 70, 71, 72, 73, 74, 75, 76, 77, 78, 79, 80, 81, 82, 83, 84, 85, 86, 87, 88, 89, 90, 91, 92, 93, 94, 95, 96, 97, 98, 99, 100, 101, 102, 103, 104, 105, 106, 107, 108, 109, 110, 111, 112, 113, 114, 115, 116, 117, 118, 119, 120, 121, 122, 123, 124, 125, 126, 127, 128, 129, 130, 131, 132, 133, 134, 135, 136, 137, 138, 139, 140, 141, 142, 143, 144, 145, 146, 147, 148, 149, 150, 151, 152, 153, 154, 155, 156, 157, 158, 159, 160, 161, 162, 163, 164, 165, 166, 167, 168, 169, 170, 171, 172, 173, 174, 175, 176, 177, 178, 179, 180, 181, 182, 183, 184, 185, 186, 187, 188, 189, 190, 191, 192, 193, 194, 195, 196, 197, 198, 199, 200, 201, 202, 203, 204, 205, 206, 207, 208, 209, 210, 211, 212, 213, 214, 215, 216, 217, 218, 219, 220, 221, 222, 223, 224, 225, 226, 227, 228, 229, 230, 231, 232, 233, 234, 235, 236, 237, 238, 239, 240, 241, 242, 243, 244, 245, 246, 247, 248, 249, 250, 251, 252, 253, 254, 255]
L2: [0, 1, 2, 3, 4, 5, 6, 7, 8, 9, 10, 11, 12, 13, 14, 15, 16, 17, 18, 19, 20, 21, 22, 23, 24, 25, 26, 27, 28, 29, 30, 31, 32, 33, 34, 35, 36, 37, 38, 39, 40, 41, 42, 43, 44, 45, 46, 47, 48, 49, 50, 51, 52, 53, 54, 55, 56, 57, 58, 59, 60, 61, 62, 63, 64, 65, 66, 67, 68, 69, 70, 71, 72, 73, 74, 75, 76, 77, 78, 79, 80, 81, 82, 83, 84, 85, 86, 87, 88, 89, 90, 91, 92, 93, 94, 95, 96, 97, 98, 99, 100, 101, 102, 103, 104, 105, 106, 107, 108, 109, 110, 111, 112, 113, 114, 115, 116, 117, 118, 119, 120, 121, 122, 123, 124, 125, 126, 127, 128, 129, 130, 131, 132, 133, 134, 135, 136, 137, 138, 139, 140, 141, 142, 143, 144, 145, 146, 147, 148, 149, 150, 151, 152, 153, 154, 155, 156, 157, 158, 159, 160, 161, 162, 163, 164, 165, 166, 167, 168, 169, 170, 171, 172, 173, 174, 175, 176, 177, 178, 179, 180, 181, 182, 183, 184, 185, 186, 187, 188, 189, 190, 191, 192, 193, 194, 195, 196, 197, 198, 199, 200, 201, 202, 203, 204, 205, 206, 207, 208, 209, 210, 211, 212, 213, 214, 215, 216, 217, 218, 219, 220, 221, 222, 223, 224, 225, 226, 227, 228, 229, 230, 231, 232, 233, 234, 235, 236, 237, 238, 239, 240, 241, 242, 243, 244, 245, 246, 247, 248, 249, 250, 251, 252, 253, 254, 255]
A: [0, 0, 0, 0, 0, 0, 0, 0, 0, 0, 0, 0, 0, 0, 0, 0, 0, 0, 0, 0, 0, 0, 0, 0, 0, 0, 0, 0, 0, 0, 0, 0, 0, 0, 0, 0, 0, 0, 0, 0, 0, 0, 0, 0, 0, 0, 0, 0, 0, 0, 0, 0, 0, 0, 0, 0, 0, 0, 0, 0, 0, 0, 0, 0, 0, 0, 0, 0, 0, 0, 0, 0, 0, 0, 0, 0, 0, 0, 0, 0, 0, 0, 0, 0, 0, 0, 0, 0, 0, 0, 0, 0, 0, 0, 0, 0, 0, 0, 0, 0, 0, 0, 0, 0, 0, 0, 0, 0, 0, 0, 0, 0, 0, 0, 0, 0, 0, 0, 0, 0, 0, 0, 0, 0, 0, 0, 0, 0, 0, 0, 0, 0, 0, 0, 0, 0, 0, 0, 0, 0, 0, 0, 0, 0, 0, 0, 0, 0, 0, 0, 0, 0, 0, 0, 0, 0, 0, 0, 0, 0, 0, 0, 0, 0, 0, 0, 0, 0, 0, 0, 0, 0, 0, 0, 0, 0, 0, 0, 0, 0, 0, 0, 0, 0, 0, 0, 0, 0, 0, 0, 0, 0, 0, 0, 0, 0, 0, 0, 0, 0, 0, 0, 0, 0, 0, 0, 0, 0, 0, 0, 0, 0, 0, 0, 0, 0, 0, 0, 0, 0, 0, 0, 0, 0, 0, 0, 0, 0, 0, 0, 0, 0, 0, 0, 0, 0, 0, 0, 0, 0, 0, 0, 0, 0, 0, 0, 0, 0, 0, 0, 0, 0, 0, 0, 0, 0]


