path: all/yuyin2_811.tt
path: all/yuyin2_811.tt
buckets_f: [{15}, {155, 156}, {100, 210, 117, 102, 115}, {81, 85, 200, 126, 242, 61, 221, 241, 124, 240, 204, 202, 159, 45, 63, 164, 165, 19, 104, 41, 217, 125, 18, 205}, {235, 195, 28, 250, 103, 251, 101, 10, 95, 112, 34, 29, 173, 233, 188, 252, 199, 145, 128, 30, 236, 146, 75, 93, 172, 31, 12, 89, 113, 39, 38, 213, 91, 32, 194, 52, 134, 184, 98, 238, 198, 79}, {167, 123, 247, 176, 216, 245, 62, 220, 136, 227, 138, 17, 42, 163, 23, 111, 87, 143, 80, 219, 3, 154, 162, 22, 246, 106, 47, 121, 230, 120, 83, 16, 223, 46, 56, 6, 224, 43, 108, 58, 180, 141, 229, 84, 60, 166}, {189, 50, 214, 53, 132, 135, 197, 72, 151, 148, 92, 114, 149, 196, 76, 24, 150, 8, 25, 94, 232, 208, 11, 186, 129, 249, 54, 193, 254, 90, 190, 77, 116, 14, 27, 248, 192, 26, 237, 99, 88, 130, 185, 212, 13, 73}, {86, 40, 82, 21, 110, 140, 107, 7, 228, 243, 218, 152, 66, 139, 65, 183, 206, 64, 226, 109, 179, 203, 44, 57, 153, 160, 181, 142, 201, 69, 161, 20, 67, 127, 158, 137, 70, 71, 177, 222, 5, 207, 68, 231, 59, 225}, {33, 74, 171, 211, 168, 96, 48, 118, 191, 35, 175, 9, 147, 133, 215, 169, 78, 37, 253, 144, 51, 55, 170, 174, 131, 187, 119, 36, 209}, {178, 4, 122, 157, 1, 244, 182, 105}, {255, 97, 49, 239, 234}, {2}, {0}]
buckets_g: [{15}, {155, 156}, {210, 115, 117, 102, 100}, {242, 200, 221, 202, 104, 81, 18, 125, 126, 85, 240, 63, 41, 241, 159, 124, 205, 217, 165, 164, 204, 45, 19, 61}, {30, 52, 173, 194, 235, 134, 238, 98, 195, 89, 75, 233, 38, 250, 128, 172, 103, 145, 39, 188, 198, 113, 91, 252, 95, 236, 10, 146, 184, 93, 199, 101, 12, 79, 28, 29, 213, 32, 31, 112, 34, 251}, {246, 23, 224, 56, 62, 43, 154, 219, 245, 227, 16, 136, 22, 58, 46, 6, 163, 111, 108, 106, 143, 17, 216, 176, 87, 167, 80, 220, 138, 47, 3, 229, 123, 60, 230, 42, 180, 223, 121, 162, 247, 166, 84, 83, 120, 141}, {116, 193, 25, 88, 114, 214, 148, 208, 90, 24, 26, 186, 232, 197, 248, 14, 54, 11, 72, 94, 77, 190, 132, 92, 99, 189, 13, 192, 135, 254, 149, 8, 130, 150, 53, 237, 73, 249, 185, 27, 50, 129, 212, 151, 196, 76}, {70, 110, 5, 243, 218, 152, 20, 68, 64, 201, 161, 142, 203, 177, 40, 57, 158, 107, 222, 66, 69, 7, 127, 225, 71, 21, 181, 140, 139, 137, 86, 153, 59, 44, 109, 183, 226, 228, 231, 67, 207, 206, 160, 82, 179, 65}, {36, 171, 215, 55, 118, 96, 78, 48, 144, 37, 33, 209, 168, 147, 35, 191, 9, 253, 133, 119, 211, 170, 169, 187, 175, 51, 131, 174, 74}, {244, 105, 122, 178, 1, 4, 157, 182}, {239, 234, 255, 97, 49}, {2}, {0}]
indices_f: [12, 9, 11, 5, 9, 7, 5, 7, 6, 8, 4, 6, 4, 6, 6, 0, 5, 5, 3, 3, 7, 7, 5, 5, 6, 6, 6, 6, 4, 4, 4, 4, 4, 8, 4, 8, 8, 8, 4, 4, 7, 3, 5, 5, 7, 3, 5, 5, 8, 10, 6, 8, 4, 6, 6, 8, 5, 7, 5, 7, 5, 3, 5, 3, 7, 7, 7, 7, 7, 7, 7, 7, 6, 6, 8, 4, 6, 6, 8, 4, 5, 3, 7, 5, 5, 3, 7, 5, 6, 4, 6, 4, 6, 4, 6, 4, 8, 10, 4, 6, 2, 4, 2, 4, 3, 9, 5, 7, 5, 7, 7, 5, 4, 4, 6, 2, 6, 2, 8, 8, 5, 5, 9, 5, 3, 3, 3, 7, 4, 6, 6, 8, 6, 8, 4, 6, 5, 7, 5, 7, 7, 5, 7, 5, 8, 4, 4, 8, 6, 6, 6, 6, 7, 7, 5, 1, 1, 9, 7, 3, 7, 7, 5, 5, 3, 3, 5, 5, 8, 8, 8, 8, 4, 4, 8, 8, 5, 7, 9, 7, 5, 7, 9, 7, 4, 6, 6, 8, 4, 6, 6, 8, 6, 6, 4, 4, 6, 6, 4, 4, 3, 7, 3, 7, 3, 3, 7, 7, 6, 8, 2, 8, 6, 4, 6, 8, 5, 3, 7, 5, 5, 3, 7, 5, 5, 7, 7, 5, 7, 5, 5, 7, 6, 4, 10, 4, 4, 6, 4, 10, 3, 3, 3, 7, 9, 5, 5, 5, 6, 6, 4, 4, 4, 8, 6, 10]
indices_g: [12, 9, 11, 5, 9, 7, 5, 7, 6, 8, 4, 6, 4, 6, 6, 0, 5, 5, 3, 3, 7, 7, 5, 5, 6, 6, 6, 6, 4, 4, 4, 4, 4, 8, 4, 8, 8, 8, 4, 4, 7, 3, 5, 5, 7, 3, 5, 5, 8, 10, 6, 8, 4, 6, 6, 8, 5, 7, 5, 7, 5, 3, 5, 3, 7, 7, 7, 7, 7, 7, 7, 7, 6, 6, 8, 4, 6, 6, 8, 4, 5, 3, 7, 5, 5, 3, 7, 5, 6, 4, 6, 4, 6, 4, 6, 4, 8, 10, 4, 6, 2, 4, 2, 4, 3, 9, 5, 7, 5, 7, 7, 5, 4, 4, 6, 2, 6, 2, 8, 8, 5, 5, 9, 5, 3, 3, 3, 7, 4, 6, 6, 8, 6, 8, 4, 6, 5, 7, 5, 7, 7, 5, 7, 5, 8, 4, 4, 8, 6, 6, 6, 6, 7, 7, 5, 1, 1, 9, 7, 3, 7, 7, 5, 5, 3, 3, 5, 5, 8, 8, 8, 8, 4, 4, 8, 8, 5, 7, 9, 7, 5, 7, 9, 7, 4, 6, 6, 8, 4, 6, 6, 8, 6, 6, 4, 4, 6, 6, 4, 4, 3, 7, 3, 7, 3, 3, 7, 7, 6, 8, 2, 8, 6, 4, 6, 8, 5, 3, 7, 5, 5, 3, 7, 5, 5, 7, 7, 5, 7, 5, 5, 7, 6, 4, 10, 4, 4, 6, 4, 10, 3, 3, 3, 7, 9, 5, 5, 5, 6, 6, 4, 4, 4, 8, 6, 10]
buckets are valid
L1: [0, 1, 2, 3, 4, 5, 6, 7, 8, 9, 10, 11, 12, 13, 14, 15, 16, 17, 18, 19, 20, 21, 22, 23, 24, 25, 26, 27, 28, 29, 30, 31, 32, 33, 34, 35, 36, 37, 38, 39, 40, 41, 42, 43, 44, 45, 46, 47, 48, 49, 50, 51, 52, 53, 54, 55, 56, 57, 58, 59, 60, 61, 62, 63, 64, 65, 66, 67, 68, 69, 70, 71, 72, 73, 74, 75, 76, 77, 78, 79, 80, 81, 82, 83, 84, 85, 86, 87, 88, 89, 90, 91, 92, 93, 94, 95, 96, 97, 98, 99, 100, 101, 102, 103, 104, 105, 106, 107, 108, 109, 110, 111, 112, 113, 114, 115, 116, 117, 118, 119, 120, 121, 122, 123, 124, 125, 126, 127, 128, 129, 130, 131, 132, 133, 134, 135, 136, 137, 138, 139, 140, 141, 142, 143, 144, 145, 146, 147, 148, 149, 150, 151, 152, 153, 154, 155, 156, 157, 158, 159, 160, 161, 162, 163, 164, 165, 166, 167, 168, 169, 170, 171, 172, 173, 174, 175, 176, 177, 178, 179, 180, 181, 182, 183, 184, 185, 186, 187, 188, 189, 190, 191, 192, 193, 194, 195, 196, 197, 198, 199, 200, 201, 202, 203, 204, 205, 206, 207, 208, 209, 210, 211, 212, 213, 214, 215, 216, 217, 218, 219, 220, 221, 222, 223, 224, 225, 226, 227, 228, 229, 230, 231, 232, 233, 234, 235, 236, 237, 238, 239, 240, 241, 242, 243, 244, 245, 246, 247, 248, 249, 250, 251, 252, 253, 254, 255]
L2: [0, 1, 2, 3, 4, 5, 6, 7, 8, 9, 10, 11, 12, 13, 14, 15, 16, 17, 18, 19, 20, 21, 22, 23, 24, 25, 26, 27, 28, 29, 30, 31, 32, 33, 34, 35, 36, 37, 38, 39, 40, 41, 42, 43, 44, 45, 46, 47, 48, 49, 50, 51, 52, 53, 54, 55, 56, 57, 58, 59, 60, 61, 62, 63, 64, 65, 66, 67, 68, 69, 70, 71, 72, 73, 74, 75, 76, 77, 78, 79, 80, 81, 82, 83, 84, 85, 86, 87, 88, 89, 90, 91, 92, 93, 94, 95, 96, 97, 98, 99, 100, 101, 102, 103, 104, 105, 106, 107, 108, 109, 110, 111, 112, 113, 114, 115, 116, 117, 118, 119, 120, 121, 122, 123, 124, 125, 126, 127, 128, 129, 130, 131, 132, 133, 134, 135, 136, 137, 138, 139, 140, 141, 142, 143, 144, 145, 146, 147, 148, 149, 150, 151, 152, 153, 154, 155, 156, 157, 158, 159, 160, 161, 162, 163, 164, 165, 166, 167, 168, 169, 170, 171, 172, 173, 174, 175, 176, 177, 178, 179, 180, 181, 182, 183, 184, 185, 186, 187, 188, 189, 190, 191, 192, 193, 194, 195, 196, 197, 198, 199, 200, 201, 202, 203, 204, 205, 206, 207, 208, 209, 210, 211, 212, 213, 214, 215, 216, 217, 218, 219, 220, 221, 222, 223, 224, 225, 226, 227, 228, 229, 230, 231, 232, 233, 234, 235, 236, 237, 238, 239, 240, 241, 242, 243, 244, 245, 246, 247, 248, 249, 250, 251, 252, 253, 254, 255]
A: [0, 0, 0, 0, 0, 0, 0, 0, 0, 0, 0, 0, 0, 0, 0, 0, 0, 0, 0, 0, 0, 0, 0, 0, 0, 0, 0, 0, 0, 0, 0, 0, 0, 0, 0, 0, 0, 0, 0, 0, 0, 0, 0, 0, 0, 0, 0, 0, 0, 0, 0, 0, 0, 0, 0, 0, 0, 0, 0, 0, 0, 0, 0, 0, 0, 0, 0, 0, 0, 0, 0, 0, 0, 0, 0, 0, 0, 0, 0, 0, 0, 0, 0, 0, 0, 0, 0, 0, 0, 0, 0, 0, 0, 0, 0, 0, 0, 0, 0, 0, 0, 0, 0, 0, 0, 0, 0, 0, 0, 0, 0, 0, 0, 0, 0, 0, 0, 0, 0, 0, 0, 0, 0, 0, 0, 0, 0, 0, 0, 0, 0, 0, 0, 0, 0, 0, 0, 0, 0, 0, 0, 0, 0, 0, 0, 0, 0, 0, 0, 0, 0, 0, 0, 0, 0, 0, 0, 0, 0, 0, 0, 0, 0, 0, 0, 0, 0, 0, 0, 0, 0, 0, 0, 0, 0, 0, 0, 0, 0, 0, 0, 0, 0, 0, 0, 0, 0, 0, 0, 0, 0, 0, 0, 0, 0, 0, 0, 0, 0, 0, 0, 0, 0, 0, 0, 0, 0, 0, 0, 0, 0, 0, 0, 0, 0, 0, 0, 0, 0, 0, 0, 0, 0, 0, 0, 0, 0, 0, 0, 0, 0, 0, 0, 0, 0, 0, 0, 0, 0, 0, 0, 0, 0, 0, 0, 0, 0, 0, 0, 0, 0, 0, 0, 0, 0, 0]


