path: all/yuyin_8_2986.tt
path: all/yuyin_8_2986.tt
buckets_f: [{99, 183, 203}, {197, 96, 14, 35, 121, 24, 100}, {120, 15, 43, 135, 235, 71, 233, 88, 29, 212, 115, 253, 198, 117, 207, 103, 41, 147, 133, 181, 85, 6, 9}, {125, 250, 173, 80, 89, 248, 114, 193, 53, 199, 159, 28, 150, 137, 5, 102, 252, 227, 206, 95, 218, 146, 44, 84, 56, 220, 130, 180, 204, 232, 111, 160, 49, 238, 143, 141, 91, 55, 109, 68}, {138, 140, 192, 90, 165, 205, 45, 122, 136, 174, 34, 244, 217, 126, 57, 76, 208, 184, 230, 108, 188, 214, 163, 92, 25, 210, 2, 223, 13, 177, 18, 239, 251, 228, 154, 129, 16, 201, 48, 94, 167, 52, 221, 87, 67, 50}, {93, 157, 60, 245, 75, 247, 77, 33, 211, 79, 229, 17, 40, 155, 105, 21, 234, 254, 26, 132, 82, 189, 112, 185, 171, 10, 70, 7, 118, 23, 127, 12, 153, 164, 51, 123, 30, 243, 213, 37, 116, 187, 98, 222, 139, 202}, {101, 246, 172, 78, 65, 170, 152, 83, 240, 194, 186, 63, 224, 249, 113, 158, 168, 104, 74, 237, 31, 47, 36, 54, 59, 106, 161, 22, 142, 242, 156, 255, 72, 219, 145, 32, 151, 131, 27, 38, 4, 110, 69, 61, 11, 196}, {73, 62, 46, 195, 128, 3, 166, 19, 107, 182, 169, 241, 42, 8, 216, 1, 175, 134, 39, 66, 236, 162, 86, 64, 191, 225, 231, 58, 148, 178, 209, 200}, {124, 149, 190, 119, 226, 179, 20}, {144, 215, 176}, {81, 97}, {0}]
buckets_g: [{183, 99, 203}, {100, 24, 197, 96, 14, 35, 121}, {253, 71, 198, 115, 133, 15, 212, 85, 233, 120, 6, 181, 41, 88, 43, 147, 207, 29, 103, 135, 117, 235, 9}, {143, 146, 95, 68, 102, 89, 44, 220, 248, 232, 84, 204, 252, 56, 238, 137, 111, 250, 55, 150, 53, 141, 199, 227, 80, 206, 49, 91, 125, 160, 28, 130, 193, 159, 114, 218, 180, 173, 5, 109}, {67, 16, 18, 90, 108, 214, 48, 165, 76, 163, 251, 174, 244, 92, 221, 13, 87, 94, 50, 201, 239, 45, 140, 52, 188, 210, 138, 167, 57, 25, 177, 230, 184, 122, 208, 136, 217, 34, 126, 2, 205, 228, 129, 223, 192, 154}, {60, 157, 222, 164, 155, 33, 70, 202, 243, 171, 105, 254, 187, 123, 77, 12, 211, 98, 132, 75, 17, 30, 93, 26, 234, 112, 82, 127, 21, 189, 213, 51, 229, 139, 40, 23, 10, 79, 37, 245, 116, 247, 7, 185, 153, 118}, {83, 36, 38, 255, 59, 54, 194, 186, 158, 237, 110, 161, 47, 151, 145, 27, 106, 69, 104, 246, 172, 63, 11, 219, 249, 196, 101, 31, 240, 113, 224, 61, 22, 168, 78, 72, 242, 152, 74, 4, 65, 156, 131, 142, 170, 32}, {169, 66, 1, 19, 86, 166, 128, 209, 191, 39, 182, 200, 148, 241, 236, 178, 62, 195, 225, 73, 175, 107, 8, 42, 162, 3, 46, 134, 64, 216, 58, 231}, {226, 20, 149, 179, 190, 124, 119}, {176, 144, 215}, {81, 97}, {0}]
indices_f: [11, 7, 4, 7, 6, 3, 2, 5, 7, 2, 5, 6, 5, 4, 1, 2, 4, 5, 4, 7, 8, 5, 6, 5, 1, 4, 5, 6, 3, 2, 5, 6, 6, 5, 4, 1, 6, 5, 6, 7, 5, 2, 7, 2, 3, 4, 7, 6, 4, 3, 4, 5, 4, 3, 6, 3, 3, 4, 7, 6, 5, 6, 7, 6, 7, 6, 7, 4, 3, 6, 5, 2, 6, 7, 6, 5, 4, 5, 6, 5, 3, 10, 5, 6, 3, 2, 7, 4, 2, 3, 4, 3, 4, 5, 4, 3, 1, 10, 5, 0, 1, 6, 3, 2, 6, 5, 6, 7, 4, 3, 6, 3, 5, 6, 3, 2, 5, 2, 5, 8, 2, 1, 4, 5, 8, 3, 4, 5, 7, 4, 3, 6, 5, 2, 7, 2, 4, 3, 4, 5, 4, 3, 6, 3, 9, 6, 3, 2, 7, 8, 3, 6, 6, 5, 4, 5, 6, 5, 6, 3, 3, 6, 7, 4, 5, 4, 7, 4, 6, 7, 6, 5, 6, 3, 4, 7, 9, 4, 7, 8, 3, 2, 7, 0, 4, 5, 6, 5, 4, 5, 8, 7, 4, 3, 6, 7, 6, 1, 2, 3, 7, 4, 5, 0, 3, 4, 3, 2, 4, 7, 4, 5, 2, 5, 4, 9, 7, 4, 3, 6, 3, 4, 5, 4, 6, 7, 8, 3, 4, 5, 4, 7, 3, 2, 5, 2, 7, 6, 3, 4, 6, 7, 6, 5, 4, 5, 6, 5, 3, 6, 3, 4, 3, 2, 5, 6]
indices_g: [11, 7, 4, 7, 6, 3, 2, 5, 7, 2, 5, 6, 5, 4, 1, 2, 4, 5, 4, 7, 8, 5, 6, 5, 1, 4, 5, 6, 3, 2, 5, 6, 6, 5, 4, 1, 6, 5, 6, 7, 5, 2, 7, 2, 3, 4, 7, 6, 4, 3, 4, 5, 4, 3, 6, 3, 3, 4, 7, 6, 5, 6, 7, 6, 7, 6, 7, 4, 3, 6, 5, 2, 6, 7, 6, 5, 4, 5, 6, 5, 3, 10, 5, 6, 3, 2, 7, 4, 2, 3, 4, 3, 4, 5, 4, 3, 1, 10, 5, 0, 1, 6, 3, 2, 6, 5, 6, 7, 4, 3, 6, 3, 5, 6, 3, 2, 5, 2, 5, 8, 2, 1, 4, 5, 8, 3, 4, 5, 7, 4, 3, 6, 5, 2, 7, 2, 4, 3, 4, 5, 4, 3, 6, 3, 9, 6, 3, 2, 7, 8, 3, 6, 6, 5, 4, 5, 6, 5, 6, 3, 3, 6, 7, 4, 5, 4, 7, 4, 6, 7, 6, 5, 6, 3, 4, 7, 9, 4, 7, 8, 3, 2, 7, 0, 4, 5, 6, 5, 4, 5, 8, 7, 4, 3, 6, 7, 6, 1, 2, 3, 7, 4, 5, 0, 3, 4, 3, 2, 4, 7, 4, 5, 2, 5, 4, 9, 7, 4, 3, 6, 3, 4, 5, 4, 6, 7, 8, 3, 4, 5, 4, 7, 3, 2, 5, 2, 7, 6, 3, 4, 6, 7, 6, 5, 4, 5, 6, 5, 3, 6, 3, 4, 3, 2, 5, 6]
buckets are valid
L1: [0, 1, 2, 3, 4, 5, 6, 7, 8, 9, 10, 11, 12, 13, 14, 15, 16, 17, 18, 19, 20, 21, 22, 23, 24, 25, 26, 27, 28, 29, 30, 31, 32, 33, 34, 35, 36, 37, 38, 39, 40, 41, 42, 43, 44, 45, 46, 47, 48, 49, 50, 51, 52, 53, 54, 55, 56, 57, 58, 59, 60, 61, 62, 63, 64, 65, 66, 67, 68, 69, 70, 71, 72, 73, 74, 75, 76, 77, 78, 79, 80, 81, 82, 83, 84, 85, 86, 87, 88, 89, 90, 91, 92, 93, 94, 95, 96, 97, 98, 99, 100, 101, 102, 103, 104, 105, 106, 107, 108, 109, 110, 111, 112, 113, 114, 115, 116, 117, 118, 119, 120, 121, 122, 123, 124, 125, 126, 127, 128, 129, 130, 131, 132, 133, 134, 135, 136, 137, 138, 139, 140, 141, 142, 143, 144, 145, 146, 147, 148, 149, 150, 151, 152, 153, 154, 155, 156, 157, 158, 159, 160, 161, 162, 163, 164, 165, 166, 167, 168, 169, 170, 171, 172, 173, 174, 175, 176, 177, 178, 179, 180, 181, 182, 183, 184, 185, 186, 187, 188, 189, 190, 191, 192, 193, 194, 195, 196, 197, 198, 199, 200, 201, 202, 203, 204, 205, 206, 207, 208, 209, 210, 211, 212, 213, 214, 215, 216, 217, 218, 219, 220, 221, 222, 223, 224, 225, 226, 227, 228, 229, 230, 231, 232, 233, 234, 235, 236, 237, 238, 239, 240, 241, 242, 243, 244, 245, 246, 247, 248, 249, 250, 251, 252, 253, 254, 255]
L2: [0, 1, 2, 3, 4, 5, 6, 7, 8, 9, 10, 11, 12, 13, 14, 15, 16, 17, 18, 19, 20, 21, 22, 23, 24, 25, 26, 27, 28, 29, 30, 31, 32, 33, 34, 35, 36, 37, 38, 39, 40, 41, 42, 43, 44, 45, 46, 47, 48, 49, 50, 51, 52, 53, 54, 55, 56, 57, 58, 59, 60, 61, 62, 63, 64, 65, 66, 67, 68, 69, 70, 71, 72, 73, 74, 75, 76, 77, 78, 79, 80, 81, 82, 83, 84, 85, 86, 87, 88, 89, 90, 91, 92, 93, 94, 95, 96, 97, 98, 99, 100, 101, 102, 103, 104, 105, 106, 107, 108, 109, 110, 111, 112, 113, 114, 115, 116, 117, 118, 119, 120, 121, 122, 123, 124, 125, 126, 127, 128, 129, 130, 131, 132, 133, 134, 135, 136, 137, 138, 139, 140, 141, 142, 143, 144, 145, 146, 147, 148, 149, 150, 151, 152, 153, 154, 155, 156, 157, 158, 159, 160, 161, 162, 163, 164, 165, 166, 167, 168, 169, 170, 171, 172, 173, 174, 175, 176, 177, 178, 179, 180, 181, 182, 183, 184, 185, 186, 187, 188, 189, 190, 191, 192, 193, 194, 195, 196, 197, 198, 199, 200, 201, 202, 203, 204, 205, 206, 207, 208, 209, 210, 211, 212, 213, 214, 215, 216, 217, 218, 219, 220, 221, 222, 223, 224, 225, 226, 227, 228, 229, 230, 231, 232, 233, 234, 235, 236, 237, 238, 239, 240, 241, 242, 243, 244, 245, 246, 247, 248, 249, 250, 251, 252, 253, 254, 255]
A: [0, 0, 0, 0, 0, 0, 0, 0, 0, 0, 0, 0, 0, 0, 0, 0, 0, 0, 0, 0, 0, 0, 0, 0, 0, 0, 0, 0, 0, 0, 0, 0, 0, 0, 0, 0, 0, 0, 0, 0, 0, 0, 0, 0, 0, 0, 0, 0, 0, 0, 0, 0, 0, 0, 0, 0, 0, 0, 0, 0, 0, 0, 0, 0, 0, 0, 0, 0, 0, 0, 0, 0, 0, 0, 0, 0, 0, 0, 0, 0, 0, 0, 0, 0, 0, 0, 0, 0, 0, 0, 0, 0, 0, 0, 0, 0, 0, 0, 0, 0, 0, 0, 0, 0, 0, 0, 0, 0, 0, 0, 0, 0, 0, 0, 0, 0, 0, 0, 0, 0, 0, 0, 0, 0, 0, 0, 0, 0, 0, 0, 0, 0, 0, 0, 0, 0, 0, 0, 0, 0, 0, 0, 0, 0, 0, 0, 0, 0, 0, 0, 0, 0, 0, 0, 0, 0, 0, 0, 0, 0, 0, 0, 0, 0, 0, 0, 0, 0, 0, 0, 0, 0, 0, 0, 0, 0, 0, 0, 0, 0, 0, 0, 0, 0, 0, 0, 0, 0, 0, 0, 0, 0, 0, 0, 0, 0, 0, 0, 0, 0, 0, 0, 0, 0, 0, 0, 0, 0, 0, 0, 0, 0, 0, 0, 0, 0, 0, 0, 0, 0, 0, 0, 0, 0, 0, 0, 0, 0, 0, 0, 0, 0, 0, 0, 0, 0, 0, 0, 0, 0, 0, 0, 0, 0, 0, 0, 0, 0, 0, 0, 0, 0, 0, 0, 0, 0]


