path: all/yuyin_8_6722.tt
path: all/yuyin_8_6722.tt
buckets_f: [{182}, {216, 107, 164, 15, 163, 133, 50, 223, 231, 41, 79, 161}, {181, 102, 180, 173, 58, 36, 137, 97, 62, 59, 241, 3, 143, 28, 6, 94, 125, 232, 39, 100, 243, 90, 239}, {160, 255, 197, 194, 156, 74, 218, 105, 225, 8, 196, 130, 75, 23, 189, 10, 47, 19, 187, 195, 113, 226, 80, 222, 188, 9, 253, 219, 106, 78, 114, 12, 224}, {214, 61, 68, 32, 245, 120, 121, 210, 145, 171, 71, 34, 89, 147, 205, 242, 98, 207, 123, 179, 124, 101, 176, 95, 93, 26, 35, 127, 150, 60, 2, 65, 211, 168, 170, 57, 144, 148, 141, 178, 63, 69, 151, 38, 204, 234, 201, 5}, {131, 44, 45, 86, 155, 18, 17, 250, 49, 11, 165, 191, 51, 227, 82, 252, 14, 199, 192, 162, 117, 52, 85, 157, 84, 43, 158, 42, 166, 115, 229, 159, 72, 13, 83, 135, 16, 81, 118, 20, 119, 184, 53, 249, 46, 54, 248, 111}, {64, 236, 238, 247, 202, 25, 66, 213, 4, 139, 136, 140, 24, 142, 91, 244, 212, 235, 146, 175, 99, 37, 215, 1, 246, 206, 31, 233, 183, 122, 7, 67, 96, 103, 209, 240, 169, 33, 88, 30, 56, 70, 172, 149, 27, 203, 200, 177}, {198, 77, 152, 55, 228, 87, 40, 48, 22, 217, 76, 116, 193, 73, 220, 185, 129, 221, 154, 21, 167, 104, 132, 186, 254, 128, 108, 112, 251, 190}, {29, 237, 138, 92, 208, 126, 174}, {230, 109, 134, 110}, {153}, {0}]
buckets_g: [{182}, {133, 223, 164, 161, 79, 231, 216, 15, 163, 41, 50, 107}, {59, 102, 143, 58, 173, 239, 97, 243, 181, 94, 125, 62, 137, 36, 241, 6, 3, 232, 28, 180, 39, 100, 90}, {156, 74, 114, 188, 113, 189, 197, 187, 106, 224, 130, 253, 10, 78, 222, 80, 196, 105, 255, 23, 9, 194, 12, 225, 160, 218, 47, 219, 226, 195, 8, 75, 19}, {101, 121, 204, 150, 98, 170, 151, 120, 32, 123, 69, 95, 207, 38, 35, 144, 205, 71, 93, 245, 210, 61, 171, 176, 242, 145, 57, 214, 26, 124, 65, 234, 2, 63, 68, 179, 168, 147, 178, 127, 201, 141, 34, 89, 211, 5, 60, 148}, {199, 248, 135, 158, 250, 83, 85, 45, 42, 52, 86, 192, 51, 165, 162, 119, 157, 17, 159, 115, 16, 191, 131, 18, 14, 43, 49, 84, 227, 20, 81, 111, 155, 54, 46, 249, 252, 44, 118, 229, 117, 184, 53, 82, 11, 72, 13, 166}, {140, 27, 149, 172, 238, 91, 169, 66, 136, 235, 183, 103, 122, 215, 64, 4, 139, 146, 202, 209, 236, 24, 33, 31, 30, 1, 244, 240, 88, 70, 99, 200, 247, 213, 56, 206, 37, 177, 212, 25, 67, 96, 7, 233, 246, 142, 175, 203}, {190, 228, 73, 132, 77, 185, 22, 220, 129, 55, 112, 251, 217, 87, 221, 76, 193, 167, 154, 108, 254, 21, 104, 40, 116, 128, 48, 198, 152, 186}, {208, 126, 92, 174, 237, 29, 138}, {110, 230, 109, 134}, {153}, {0}]
indices_f: [11, 6, 4, 2, 6, 4, 2, 6, 3, 3, 3, 5, 3, 5, 5, 1, 5, 5, 5, 3, 5, 7, 7, 3, 6, 6, 4, 6, 2, 8, 6, 6, 4, 6, 4, 4, 2, 6, 4, 2, 7, 1, 5, 5, 5, 5, 5, 3, 7, 5, 1, 5, 5, 5, 5, 7, 6, 4, 2, 2, 4, 4, 2, 4, 6, 4, 6, 6, 4, 4, 6, 4, 5, 7, 3, 3, 7, 7, 3, 1, 3, 5, 5, 5, 5, 5, 5, 7, 6, 4, 2, 6, 8, 4, 2, 4, 6, 2, 4, 6, 2, 4, 2, 6, 7, 3, 3, 1, 7, 9, 9, 5, 7, 3, 3, 5, 7, 5, 5, 5, 4, 4, 6, 4, 4, 2, 8, 4, 7, 7, 3, 5, 7, 1, 9, 5, 6, 2, 8, 6, 6, 4, 6, 2, 4, 4, 6, 4, 4, 6, 4, 4, 7, 10, 7, 5, 3, 5, 5, 5, 3, 1, 5, 1, 1, 5, 5, 7, 4, 6, 4, 4, 6, 2, 8, 6, 4, 6, 4, 4, 2, 2, 0, 6, 5, 7, 7, 3, 3, 3, 7, 5, 5, 7, 3, 3, 3, 3, 7, 5, 6, 4, 6, 6, 4, 4, 6, 4, 8, 6, 4, 4, 6, 6, 4, 6, 1, 7, 3, 3, 7, 7, 3, 1, 3, 3, 3, 5, 7, 5, 9, 1, 2, 6, 4, 6, 6, 8, 6, 2, 6, 2, 4, 2, 6, 4, 6, 6, 5, 5, 5, 7, 5, 3, 7, 3]
indices_g: [11, 6, 4, 2, 6, 4, 2, 6, 3, 3, 3, 5, 3, 5, 5, 1, 5, 5, 5, 3, 5, 7, 7, 3, 6, 6, 4, 6, 2, 8, 6, 6, 4, 6, 4, 4, 2, 6, 4, 2, 7, 1, 5, 5, 5, 5, 5, 3, 7, 5, 1, 5, 5, 5, 5, 7, 6, 4, 2, 2, 4, 4, 2, 4, 6, 4, 6, 6, 4, 4, 6, 4, 5, 7, 3, 3, 7, 7, 3, 1, 3, 5, 5, 5, 5, 5, 5, 7, 6, 4, 2, 6, 8, 4, 2, 4, 6, 2, 4, 6, 2, 4, 2, 6, 7, 3, 3, 1, 7, 9, 9, 5, 7, 3, 3, 5, 7, 5, 5, 5, 4, 4, 6, 4, 4, 2, 8, 4, 7, 7, 3, 5, 7, 1, 9, 5, 6, 2, 8, 6, 6, 4, 6, 2, 4, 4, 6, 4, 4, 6, 4, 4, 7, 10, 7, 5, 3, 5, 5, 5, 3, 1, 5, 1, 1, 5, 5, 7, 4, 6, 4, 4, 6, 2, 8, 6, 4, 6, 4, 4, 2, 2, 0, 6, 5, 7, 7, 3, 3, 3, 7, 5, 5, 7, 3, 3, 3, 3, 7, 5, 6, 4, 6, 6, 4, 4, 6, 4, 8, 6, 4, 4, 6, 6, 4, 6, 1, 7, 3, 3, 7, 7, 3, 1, 3, 3, 3, 5, 7, 5, 9, 1, 2, 6, 4, 6, 6, 8, 6, 2, 6, 2, 4, 2, 6, 4, 6, 6, 5, 5, 5, 7, 5, 3, 7, 3]
buckets are valid
L1: [0, 1, 2, 3, 4, 5, 6, 7, 8, 9, 10, 11, 12, 13, 14, 15, 16, 17, 18, 19, 20, 21, 22, 23, 24, 25, 26, 27, 28, 29, 30, 31, 32, 33, 34, 35, 36, 37, 38, 39, 40, 41, 42, 43, 44, 45, 46, 47, 48, 49, 50, 51, 52, 53, 54, 55, 56, 57, 58, 59, 60, 61, 62, 63, 64, 65, 66, 67, 68, 69, 70, 71, 72, 73, 74, 75, 76, 77, 78, 79, 80, 81, 82, 83, 84, 85, 86, 87, 88, 89, 90, 91, 92, 93, 94, 95, 96, 97, 98, 99, 100, 101, 102, 103, 104, 105, 106, 107, 108, 109, 110, 111, 112, 113, 114, 115, 116, 117, 118, 119, 120, 121, 122, 123, 124, 125, 126, 127, 128, 129, 130, 131, 132, 133, 134, 135, 136, 137, 138, 139, 140, 141, 142, 143, 144, 145, 146, 147, 148, 149, 150, 151, 152, 153, 154, 155, 156, 157, 158, 159, 160, 161, 162, 163, 164, 165, 166, 167, 168, 169, 170, 171, 172, 173, 174, 175, 176, 177, 178, 179, 180, 181, 182, 183, 184, 185, 186, 187, 188, 189, 190, 191, 192, 193, 194, 195, 196, 197, 198, 199, 200, 201, 202, 203, 204, 205, 206, 207, 208, 209, 210, 211, 212, 213, 214, 215, 216, 217, 218, 219, 220, 221, 222, 223, 224, 225, 226, 227, 228, 229, 230, 231, 232, 233, 234, 235, 236, 237, 238, 239, 240, 241, 242, 243, 244, 245, 246, 247, 248, 249, 250, 251, 252, 253, 254, 255]
L2: [0, 1, 2, 3, 4, 5, 6, 7, 8, 9, 10, 11, 12, 13, 14, 15, 16, 17, 18, 19, 20, 21, 22, 23, 24, 25, 26, 27, 28, 29, 30, 31, 32, 33, 34, 35, 36, 37, 38, 39, 40, 41, 42, 43, 44, 45, 46, 47, 48, 49, 50, 51, 52, 53, 54, 55, 56, 57, 58, 59, 60, 61, 62, 63, 64, 65, 66, 67, 68, 69, 70, 71, 72, 73, 74, 75, 76, 77, 78, 79, 80, 81, 82, 83, 84, 85, 86, 87, 88, 89, 90, 91, 92, 93, 94, 95, 96, 97, 98, 99, 100, 101, 102, 103, 104, 105, 106, 107, 108, 109, 110, 111, 112, 113, 114, 115, 116, 117, 118, 119, 120, 121, 122, 123, 124, 125, 126, 127, 128, 129, 130, 131, 132, 133, 134, 135, 136, 137, 138, 139, 140, 141, 142, 143, 144, 145, 146, 147, 148, 149, 150, 151, 152, 153, 154, 155, 156, 157, 158, 159, 160, 161, 162, 163, 164, 165, 166, 167, 168, 169, 170, 171, 172, 173, 174, 175, 176, 177, 178, 179, 180, 181, 182, 183, 184, 185, 186, 187, 188, 189, 190, 191, 192, 193, 194, 195, 196, 197, 198, 199, 200, 201, 202, 203, 204, 205, 206, 207, 208, 209, 210, 211, 212, 213, 214, 215, 216, 217, 218, 219, 220, 221, 222, 223, 224, 225, 226, 227, 228, 229, 230, 231, 232, 233, 234, 235, 236, 237, 238, 239, 240, 241, 242, 243, 244, 245, 246, 247, 248, 249, 250, 251, 252, 253, 254, 255]
A: [0, 0, 0, 0, 0, 0, 0, 0, 0, 0, 0, 0, 0, 0, 0, 0, 0, 0, 0, 0, 0, 0, 0, 0, 0, 0, 0, 0, 0, 0, 0, 0, 0, 0, 0, 0, 0, 0, 0, 0, 0, 0, 0, 0, 0, 0, 0, 0, 0, 0, 0, 0, 0, 0, 0, 0, 0, 0, 0, 0, 0, 0, 0, 0, 0, 0, 0, 0, 0, 0, 0, 0, 0, 0, 0, 0, 0, 0, 0, 0, 0, 0, 0, 0, 0, 0, 0, 0, 0, 0, 0, 0, 0, 0, 0, 0, 0, 0, 0, 0, 0, 0, 0, 0, 0, 0, 0, 0, 0, 0, 0, 0, 0, 0, 0, 0, 0, 0, 0, 0, 0, 0, 0, 0, 0, 0, 0, 0, 0, 0, 0, 0, 0, 0, 0, 0, 0, 0, 0, 0, 0, 0, 0, 0, 0, 0, 0, 0, 0, 0, 0, 0, 0, 0, 0, 0, 0, 0, 0, 0, 0, 0, 0, 0, 0, 0, 0, 0, 0, 0, 0, 0, 0, 0, 0, 0, 0, 0, 0, 0, 0, 0, 0, 0, 0, 0, 0, 0, 0, 0, 0, 0, 0, 0, 0, 0, 0, 0, 0, 0, 0, 0, 0, 0, 0, 0, 0, 0, 0, 0, 0, 0, 0, 0, 0, 0, 0, 0, 0, 0, 0, 0, 0, 0, 0, 0, 0, 0, 0, 0, 0, 0, 0, 0, 0, 0, 0, 0, 0, 0, 0, 0, 0, 0, 0, 0, 0, 0, 0, 0, 0, 0, 0, 0, 0, 0]


