path: all/yuyin_8_3779.tt
path: all/yuyin_8_3779.tt
buckets_f: [{141, 130, 90}, {33, 107, 165, 159, 202, 175, 24, 224, 72, 27, 84, 91}, {173, 21, 129, 74, 132, 161, 22, 184, 241, 5, 248, 99, 158, 127, 194}, {49, 170, 52, 133, 56, 214, 243, 182, 61, 195, 88, 65, 1, 68, 218, 120, 138, 137, 236, 7, 93, 245, 172, 143, 71, 43, 2, 116, 252, 229, 23, 220, 29, 55, 201, 109, 246, 78, 188, 20}, {10, 206, 203, 167, 35, 183, 164, 111, 196, 238, 112, 155, 171, 148, 205, 136, 187, 96, 31, 101, 139, 219, 57, 242, 86, 48, 162, 6, 216, 178, 41, 228, 254, 102, 32, 76, 58, 95, 83, 115, 64, 38, 145, 117, 190, 80, 232, 146}, {154, 176, 103, 144, 81, 211, 147, 230, 104, 45, 198, 119, 126, 255, 156, 181, 66, 100, 128, 113, 77, 50, 34, 82, 125, 233, 75, 11, 17, 249, 123, 114, 36, 179, 140, 166, 227, 150, 160, 62, 13, 250, 4, 40, 98, 46, 240, 30}, {200, 69, 16, 135, 193, 25, 108, 54, 12, 152, 47, 215, 199, 121, 251, 118, 247, 9, 15, 89, 28, 231, 44, 142, 26, 85, 210, 157, 180, 212, 42, 106, 151, 3, 73, 244, 221, 37, 124, 51, 70, 253, 235, 53, 67, 60, 105, 79}, {197, 213, 18, 163, 131, 204, 185, 217, 8, 134, 234, 153, 191, 192, 208, 149, 94, 207, 169, 59, 87, 239, 97, 39}, {237, 168, 174, 209, 222, 19, 122, 226, 177, 189, 92, 225, 63}, {223, 110, 14, 186}, {0}]
buckets_g: [{90, 130, 141}, {33, 84, 165, 159, 72, 91, 202, 224, 107, 27, 175, 24}, {74, 99, 241, 5, 127, 21, 161, 132, 158, 129, 22, 248, 194, 184, 173}, {7, 93, 43, 229, 49, 201, 220, 188, 218, 52, 68, 246, 138, 78, 88, 120, 137, 214, 29, 71, 252, 109, 23, 116, 172, 245, 1, 61, 236, 143, 65, 182, 170, 133, 2, 195, 55, 20, 56, 243}, {155, 162, 145, 96, 206, 86, 232, 254, 216, 38, 101, 136, 95, 80, 167, 205, 32, 228, 48, 148, 10, 64, 111, 178, 117, 219, 115, 183, 57, 196, 83, 171, 242, 35, 164, 31, 6, 146, 102, 58, 190, 203, 187, 76, 41, 238, 112, 139}, {11, 113, 17, 140, 176, 227, 128, 100, 40, 50, 250, 45, 233, 125, 156, 211, 77, 62, 144, 179, 160, 198, 154, 181, 147, 240, 103, 166, 98, 150, 123, 34, 81, 119, 255, 36, 46, 249, 104, 230, 30, 82, 13, 114, 126, 4, 75, 66}, {235, 180, 157, 37, 251, 51, 199, 70, 212, 16, 15, 151, 3, 54, 247, 79, 67, 124, 73, 231, 106, 118, 53, 142, 210, 215, 200, 25, 244, 152, 69, 85, 26, 105, 9, 28, 47, 108, 89, 135, 42, 44, 193, 60, 121, 221, 253, 12}, {59, 207, 131, 208, 234, 169, 149, 87, 213, 94, 197, 239, 163, 18, 192, 97, 153, 39, 134, 8, 204, 191, 185, 217}, {168, 174, 177, 226, 122, 19, 92, 222, 189, 209, 63, 225, 237}, {14, 223, 110, 186}, {0}]
indices_f: [10, 3, 3, 6, 5, 2, 4, 3, 7, 6, 4, 5, 6, 5, 9, 6, 6, 5, 7, 8, 3, 2, 2, 3, 1, 6, 6, 1, 6, 3, 5, 4, 4, 1, 5, 4, 5, 6, 4, 7, 5, 4, 6, 3, 6, 5, 5, 6, 4, 3, 5, 6, 3, 6, 6, 3, 3, 4, 4, 7, 6, 3, 5, 8, 4, 3, 5, 6, 3, 6, 6, 3, 1, 6, 2, 5, 4, 5, 3, 6, 4, 5, 5, 4, 1, 6, 4, 7, 3, 6, 0, 1, 8, 3, 7, 4, 4, 7, 5, 2, 5, 4, 4, 5, 5, 6, 6, 1, 6, 3, 9, 4, 4, 5, 5, 4, 3, 4, 6, 5, 3, 6, 8, 5, 6, 5, 5, 2, 5, 2, 0, 7, 2, 3, 7, 6, 4, 3, 3, 4, 5, 0, 6, 3, 5, 4, 4, 5, 4, 7, 5, 6, 6, 7, 5, 4, 5, 6, 2, 1, 5, 2, 4, 7, 4, 1, 5, 4, 8, 7, 3, 4, 3, 2, 8, 1, 5, 8, 4, 5, 6, 5, 3, 4, 2, 7, 9, 4, 3, 8, 4, 7, 7, 6, 2, 3, 4, 7, 5, 6, 6, 3, 1, 4, 7, 4, 4, 7, 7, 8, 6, 5, 6, 7, 3, 6, 4, 7, 3, 4, 3, 6, 8, 9, 1, 8, 8, 5, 4, 3, 5, 6, 4, 5, 7, 6, 3, 8, 4, 7, 5, 2, 4, 3, 6, 3, 3, 6, 2, 5, 5, 6, 3, 6, 4, 5]
indices_g: [10, 3, 3, 6, 5, 2, 4, 3, 7, 6, 4, 5, 6, 5, 9, 6, 6, 5, 7, 8, 3, 2, 2, 3, 1, 6, 6, 1, 6, 3, 5, 4, 4, 1, 5, 4, 5, 6, 4, 7, 5, 4, 6, 3, 6, 5, 5, 6, 4, 3, 5, 6, 3, 6, 6, 3, 3, 4, 4, 7, 6, 3, 5, 8, 4, 3, 5, 6, 3, 6, 6, 3, 1, 6, 2, 5, 4, 5, 3, 6, 4, 5, 5, 4, 1, 6, 4, 7, 3, 6, 0, 1, 8, 3, 7, 4, 4, 7, 5, 2, 5, 4, 4, 5, 5, 6, 6, 1, 6, 3, 9, 4, 4, 5, 5, 4, 3, 4, 6, 5, 3, 6, 8, 5, 6, 5, 5, 2, 5, 2, 0, 7, 2, 3, 7, 6, 4, 3, 3, 4, 5, 0, 6, 3, 5, 4, 4, 5, 4, 7, 5, 6, 6, 7, 5, 4, 5, 6, 2, 1, 5, 2, 4, 7, 4, 1, 5, 4, 8, 7, 3, 4, 3, 2, 8, 1, 5, 8, 4, 5, 6, 5, 3, 4, 2, 7, 9, 4, 3, 8, 4, 7, 7, 6, 2, 3, 4, 7, 5, 6, 6, 3, 1, 4, 7, 4, 4, 7, 7, 8, 6, 5, 6, 7, 3, 6, 4, 7, 3, 4, 3, 6, 8, 9, 1, 8, 8, 5, 4, 3, 5, 6, 4, 5, 7, 6, 3, 8, 4, 7, 5, 2, 4, 3, 6, 3, 3, 6, 2, 5, 5, 6, 3, 6, 4, 5]
buckets are valid
L1: [0, 1, 2, 3, 4, 5, 6, 7, 8, 9, 10, 11, 12, 13, 14, 15, 16, 17, 18, 19, 20, 21, 22, 23, 24, 25, 26, 27, 28, 29, 30, 31, 32, 33, 34, 35, 36, 37, 38, 39, 40, 41, 42, 43, 44, 45, 46, 47, 48, 49, 50, 51, 52, 53, 54, 55, 56, 57, 58, 59, 60, 61, 62, 63, 64, 65, 66, 67, 68, 69, 70, 71, 72, 73, 74, 75, 76, 77, 78, 79, 80, 81, 82, 83, 84, 85, 86, 87, 88, 89, 90, 91, 92, 93, 94, 95, 96, 97, 98, 99, 100, 101, 102, 103, 104, 105, 106, 107, 108, 109, 110, 111, 112, 113, 114, 115, 116, 117, 118, 119, 120, 121, 122, 123, 124, 125, 126, 127, 128, 129, 130, 131, 132, 133, 134, 135, 136, 137, 138, 139, 140, 141, 142, 143, 144, 145, 146, 147, 148, 149, 150, 151, 152, 153, 154, 155, 156, 157, 158, 159, 160, 161, 162, 163, 164, 165, 166, 167, 168, 169, 170, 171, 172, 173, 174, 175, 176, 177, 178, 179, 180, 181, 182, 183, 184, 185, 186, 187, 188, 189, 190, 191, 192, 193, 194, 195, 196, 197, 198, 199, 200, 201, 202, 203, 204, 205, 206, 207, 208, 209, 210, 211, 212, 213, 214, 215, 216, 217, 218, 219, 220, 221, 222, 223, 224, 225, 226, 227, 228, 229, 230, 231, 232, 233, 234, 235, 236, 237, 238, 239, 240, 241, 242, 243, 244, 245, 246, 247, 248, 249, 250, 251, 252, 253, 254, 255]
L2: [0, 1, 2, 3, 4, 5, 6, 7, 8, 9, 10, 11, 12, 13, 14, 15, 16, 17, 18, 19, 20, 21, 22, 23, 24, 25, 26, 27, 28, 29, 30, 31, 32, 33, 34, 35, 36, 37, 38, 39, 40, 41, 42, 43, 44, 45, 46, 47, 48, 49, 50, 51, 52, 53, 54, 55, 56, 57, 58, 59, 60, 61, 62, 63, 64, 65, 66, 67, 68, 69, 70, 71, 72, 73, 74, 75, 76, 77, 78, 79, 80, 81, 82, 83, 84, 85, 86, 87, 88, 89, 90, 91, 92, 93, 94, 95, 96, 97, 98, 99, 100, 101, 102, 103, 104, 105, 106, 107, 108, 109, 110, 111, 112, 113, 114, 115, 116, 117, 118, 119, 120, 121, 122, 123, 124, 125, 126, 127, 128, 129, 130, 131, 132, 133, 134, 135, 136, 137, 138, 139, 140, 141, 142, 143, 144, 145, 146, 147, 148, 149, 150, 151, 152, 153, 154, 155, 156, 157, 158, 159, 160, 161, 162, 163, 164, 165, 166, 167, 168, 169, 170, 171, 172, 173, 174, 175, 176, 177, 178, 179, 180, 181, 182, 183, 184, 185, 186, 187, 188, 189, 190, 191, 192, 193, 194, 195, 196, 197, 198, 199, 200, 201, 202, 203, 204, 205, 206, 207, 208, 209, 210, 211, 212, 213, 214, 215, 216, 217, 218, 219, 220, 221, 222, 223, 224, 225, 226, 227, 228, 229, 230, 231, 232, 233, 234, 235, 236, 237, 238, 239, 240, 241, 242, 243, 244, 245, 246, 247, 248, 249, 250, 251, 252, 253, 254, 255]
A: [0, 0, 0, 0, 0, 0, 0, 0, 0, 0, 0, 0, 0, 0, 0, 0, 0, 0, 0, 0, 0, 0, 0, 0, 0, 0, 0, 0, 0, 0, 0, 0, 0, 0, 0, 0, 0, 0, 0, 0, 0, 0, 0, 0, 0, 0, 0, 0, 0, 0, 0, 0, 0, 0, 0, 0, 0, 0, 0, 0, 0, 0, 0, 0, 0, 0, 0, 0, 0, 0, 0, 0, 0, 0, 0, 0, 0, 0, 0, 0, 0, 0, 0, 0, 0, 0, 0, 0, 0, 0, 0, 0, 0, 0, 0, 0, 0, 0, 0, 0, 0, 0, 0, 0, 0, 0, 0, 0, 0, 0, 0, 0, 0, 0, 0, 0, 0, 0, 0, 0, 0, 0, 0, 0, 0, 0, 0, 0, 0, 0, 0, 0, 0, 0, 0, 0, 0, 0, 0, 0, 0, 0, 0, 0, 0, 0, 0, 0, 0, 0, 0, 0, 0, 0, 0, 0, 0, 0, 0, 0, 0, 0, 0, 0, 0, 0, 0, 0, 0, 0, 0, 0, 0, 0, 0, 0, 0, 0, 0, 0, 0, 0, 0, 0, 0, 0, 0, 0, 0, 0, 0, 0, 0, 0, 0, 0, 0, 0, 0, 0, 0, 0, 0, 0, 0, 0, 0, 0, 0, 0, 0, 0, 0, 0, 0, 0, 0, 0, 0, 0, 0, 0, 0, 0, 0, 0, 0, 0, 0, 0, 0, 0, 0, 0, 0, 0, 0, 0, 0, 0, 0, 0, 0, 0, 0, 0, 0, 0, 0, 0, 0, 0, 0, 0, 0, 0]


