path: all/yuyin_8_1469.tt
path: all/yuyin_8_1469.tt
buckets_f: [{19, 208}, {209, 141, 184, 77}, {217, 90, 83, 102, 175, 133, 179, 51}, {13, 196, 118, 42, 169, 163, 3, 202, 142, 170, 155, 74, 100, 88}, {125, 29, 168, 171, 225, 80, 194, 76, 232, 75, 47, 236, 198, 212, 20, 230, 98, 69, 130, 140, 126, 254, 87, 229, 66, 215, 189, 244, 239, 172, 12, 93, 26, 165, 108, 104, 253, 25, 112, 58}, {39, 54, 137, 96, 95, 60, 45, 24, 135, 82, 91, 188, 127, 35, 150, 164, 114, 223, 56, 220, 224, 59, 178, 18, 68, 138, 173, 31, 120, 205, 32, 86, 124, 146, 251, 233, 110, 92, 201, 73, 71, 78, 64, 17, 219, 145, 106, 85}, {176, 211, 185, 6, 38, 203, 101, 30, 186, 143, 97, 136, 240, 235, 183, 226, 55, 43, 48, 158, 193, 222, 40, 148, 1, 119, 204, 166, 207, 115, 249, 15, 65, 190, 221, 8, 147, 11, 144, 121, 116, 139, 72, 44, 107, 61, 23, 2}, {99, 252, 160, 216, 246, 234, 46, 63, 4, 241, 152, 228, 67, 81, 255, 213, 132, 117, 123, 167, 103, 159, 245, 191, 50, 182, 248, 21, 174, 49, 237, 105, 113, 53, 28, 9, 10, 199, 227, 210, 214, 41, 36, 192, 149, 128, 231, 238}, {250, 70, 151, 34, 57, 154, 52, 79, 129, 122, 200, 218, 16, 161, 247, 37, 162, 111, 62, 33, 153, 5, 84, 243, 157, 134, 89, 197, 94, 180}, {27, 156, 187, 181, 22, 195, 14, 242, 206, 109, 177, 7}, {131}, {0}]
buckets_g: [{19, 208}, {184, 77, 141, 209}, {83, 179, 175, 217, 102, 133, 51, 90}, {13, 74, 142, 155, 3, 88, 169, 100, 118, 170, 163, 196, 42, 202}, {93, 47, 75, 172, 254, 244, 194, 229, 212, 171, 112, 125, 69, 104, 232, 87, 189, 126, 29, 98, 58, 225, 130, 20, 26, 230, 76, 239, 215, 12, 168, 108, 253, 165, 198, 66, 25, 80, 140, 236}, {219, 64, 233, 173, 95, 71, 120, 68, 54, 32, 164, 78, 17, 138, 45, 24, 96, 124, 205, 91, 56, 110, 82, 92, 59, 86, 223, 60, 178, 150, 146, 18, 145, 127, 201, 135, 73, 137, 106, 251, 188, 31, 39, 35, 220, 224, 114, 85}, {211, 48, 240, 158, 8, 43, 235, 107, 23, 249, 65, 40, 115, 147, 166, 204, 38, 193, 226, 121, 139, 222, 148, 30, 97, 190, 61, 176, 203, 72, 183, 2, 221, 116, 144, 136, 1, 15, 6, 55, 11, 185, 207, 44, 143, 101, 119, 186}, {81, 238, 234, 255, 53, 117, 123, 63, 21, 241, 216, 228, 237, 103, 4, 210, 9, 231, 160, 252, 10, 191, 245, 246, 28, 99, 227, 105, 49, 192, 182, 152, 46, 132, 36, 67, 199, 213, 41, 149, 159, 248, 167, 214, 174, 50, 113, 128}, {94, 200, 70, 122, 154, 89, 247, 84, 180, 250, 134, 5, 197, 153, 243, 161, 57, 79, 111, 129, 218, 162, 37, 16, 34, 33, 157, 62, 52, 151}, {177, 14, 181, 156, 195, 242, 206, 109, 27, 22, 7, 187}, {131}, {0}]
indices_f: [11, 6, 6, 3, 7, 8, 6, 9, 6, 7, 7, 6, 4, 3, 9, 6, 8, 5, 5, 0, 4, 7, 9, 6, 5, 4, 4, 9, 7, 4, 6, 5, 5, 8, 8, 5, 7, 8, 6, 5, 6, 7, 3, 6, 6, 5, 7, 4, 6, 7, 7, 2, 8, 7, 5, 6, 5, 8, 4, 5, 5, 6, 8, 7, 5, 6, 4, 7, 5, 4, 8, 5, 6, 5, 3, 4, 4, 1, 5, 8, 4, 7, 5, 2, 8, 5, 5, 4, 3, 8, 2, 5, 5, 4, 8, 5, 5, 6, 4, 7, 3, 6, 2, 7, 4, 7, 5, 6, 4, 9, 5, 8, 4, 7, 5, 6, 6, 7, 3, 6, 5, 6, 8, 7, 5, 4, 4, 5, 7, 8, 4, 10, 7, 2, 8, 5, 6, 5, 5, 6, 4, 1, 3, 6, 6, 5, 5, 6, 6, 7, 5, 8, 7, 8, 8, 3, 9, 8, 6, 7, 7, 8, 8, 3, 5, 4, 6, 7, 4, 3, 3, 4, 4, 5, 7, 2, 6, 9, 5, 2, 8, 9, 7, 6, 1, 6, 6, 9, 5, 4, 6, 7, 7, 6, 4, 9, 3, 8, 4, 7, 8, 5, 3, 6, 6, 5, 9, 6, 0, 1, 7, 6, 4, 7, 7, 4, 7, 2, 8, 5, 5, 6, 6, 5, 5, 4, 6, 7, 7, 4, 4, 7, 4, 5, 7, 6, 4, 7, 7, 4, 6, 7, 9, 8, 4, 7, 7, 8, 7, 6, 8, 5, 7, 4, 4, 7]
indices_g: [11, 6, 6, 3, 7, 8, 6, 9, 6, 7, 7, 6, 4, 3, 9, 6, 8, 5, 5, 0, 4, 7, 9, 6, 5, 4, 4, 9, 7, 4, 6, 5, 5, 8, 8, 5, 7, 8, 6, 5, 6, 7, 3, 6, 6, 5, 7, 4, 6, 7, 7, 2, 8, 7, 5, 6, 5, 8, 4, 5, 5, 6, 8, 7, 5, 6, 4, 7, 5, 4, 8, 5, 6, 5, 3, 4, 4, 1, 5, 8, 4, 7, 5, 2, 8, 5, 5, 4, 3, 8, 2, 5, 5, 4, 8, 5, 5, 6, 4, 7, 3, 6, 2, 7, 4, 7, 5, 6, 4, 9, 5, 8, 4, 7, 5, 6, 6, 7, 3, 6, 5, 6, 8, 7, 5, 4, 4, 5, 7, 8, 4, 10, 7, 2, 8, 5, 6, 5, 5, 6, 4, 1, 3, 6, 6, 5, 5, 6, 6, 7, 5, 8, 7, 8, 8, 3, 9, 8, 6, 7, 7, 8, 8, 3, 5, 4, 6, 7, 4, 3, 3, 4, 4, 5, 7, 2, 6, 9, 5, 2, 8, 9, 7, 6, 1, 6, 6, 9, 5, 4, 6, 7, 7, 6, 4, 9, 3, 8, 4, 7, 8, 5, 3, 6, 6, 5, 9, 6, 0, 1, 7, 6, 4, 7, 7, 4, 7, 2, 8, 5, 5, 6, 6, 5, 5, 4, 6, 7, 7, 4, 4, 7, 4, 5, 7, 6, 4, 7, 7, 4, 6, 7, 9, 8, 4, 7, 7, 8, 7, 6, 8, 5, 7, 4, 4, 7]
buckets are valid
L1: [0, 1, 2, 3, 4, 5, 6, 7, 8, 9, 10, 11, 12, 13, 14, 15, 16, 17, 18, 19, 20, 21, 22, 23, 24, 25, 26, 27, 28, 29, 30, 31, 32, 33, 34, 35, 36, 37, 38, 39, 40, 41, 42, 43, 44, 45, 46, 47, 48, 49, 50, 51, 52, 53, 54, 55, 56, 57, 58, 59, 60, 61, 62, 63, 64, 65, 66, 67, 68, 69, 70, 71, 72, 73, 74, 75, 76, 77, 78, 79, 80, 81, 82, 83, 84, 85, 86, 87, 88, 89, 90, 91, 92, 93, 94, 95, 96, 97, 98, 99, 100, 101, 102, 103, 104, 105, 106, 107, 108, 109, 110, 111, 112, 113, 114, 115, 116, 117, 118, 119, 120, 121, 122, 123, 124, 125, 126, 127, 128, 129, 130, 131, 132, 133, 134, 135, 136, 137, 138, 139, 140, 141, 142, 143, 144, 145, 146, 147, 148, 149, 150, 151, 152, 153, 154, 155, 156, 157, 158, 159, 160, 161, 162, 163, 164, 165, 166, 167, 168, 169, 170, 171, 172, 173, 174, 175, 176, 177, 178, 179, 180, 181, 182, 183, 184, 185, 186, 187, 188, 189, 190, 191, 192, 193, 194, 195, 196, 197, 198, 199, 200, 201, 202, 203, 204, 205, 206, 207, 208, 209, 210, 211, 212, 213, 214, 215, 216, 217, 218, 219, 220, 221, 222, 223, 224, 225, 226, 227, 228, 229, 230, 231, 232, 233, 234, 235, 236, 237, 238, 239, 240, 241, 242, 243, 244, 245, 246, 247, 248, 249, 250, 251, 252, 253, 254, 255]
L2: [0, 1, 2, 3, 4, 5, 6, 7, 8, 9, 10, 11, 12, 13, 14, 15, 16, 17, 18, 19, 20, 21, 22, 23, 24, 25, 26, 27, 28, 29, 30, 31, 32, 33, 34, 35, 36, 37, 38, 39, 40, 41, 42, 43, 44, 45, 46, 47, 48, 49, 50, 51, 52, 53, 54, 55, 56, 57, 58, 59, 60, 61, 62, 63, 64, 65, 66, 67, 68, 69, 70, 71, 72, 73, 74, 75, 76, 77, 78, 79, 80, 81, 82, 83, 84, 85, 86, 87, 88, 89, 90, 91, 92, 93, 94, 95, 96, 97, 98, 99, 100, 101, 102, 103, 104, 105, 106, 107, 108, 109, 110, 111, 112, 113, 114, 115, 116, 117, 118, 119, 120, 121, 122, 123, 124, 125, 126, 127, 128, 129, 130, 131, 132, 133, 134, 135, 136, 137, 138, 139, 140, 141, 142, 143, 144, 145, 146, 147, 148, 149, 150, 151, 152, 153, 154, 155, 156, 157, 158, 159, 160, 161, 162, 163, 164, 165, 166, 167, 168, 169, 170, 171, 172, 173, 174, 175, 176, 177, 178, 179, 180, 181, 182, 183, 184, 185, 186, 187, 188, 189, 190, 191, 192, 193, 194, 195, 196, 197, 198, 199, 200, 201, 202, 203, 204, 205, 206, 207, 208, 209, 210, 211, 212, 213, 214, 215, 216, 217, 218, 219, 220, 221, 222, 223, 224, 225, 226, 227, 228, 229, 230, 231, 232, 233, 234, 235, 236, 237, 238, 239, 240, 241, 242, 243, 244, 245, 246, 247, 248, 249, 250, 251, 252, 253, 254, 255]
A: [0, 0, 0, 0, 0, 0, 0, 0, 0, 0, 0, 0, 0, 0, 0, 0, 0, 0, 0, 0, 0, 0, 0, 0, 0, 0, 0, 0, 0, 0, 0, 0, 0, 0, 0, 0, 0, 0, 0, 0, 0, 0, 0, 0, 0, 0, 0, 0, 0, 0, 0, 0, 0, 0, 0, 0, 0, 0, 0, 0, 0, 0, 0, 0, 0, 0, 0, 0, 0, 0, 0, 0, 0, 0, 0, 0, 0, 0, 0, 0, 0, 0, 0, 0, 0, 0, 0, 0, 0, 0, 0, 0, 0, 0, 0, 0, 0, 0, 0, 0, 0, 0, 0, 0, 0, 0, 0, 0, 0, 0, 0, 0, 0, 0, 0, 0, 0, 0, 0, 0, 0, 0, 0, 0, 0, 0, 0, 0, 0, 0, 0, 0, 0, 0, 0, 0, 0, 0, 0, 0, 0, 0, 0, 0, 0, 0, 0, 0, 0, 0, 0, 0, 0, 0, 0, 0, 0, 0, 0, 0, 0, 0, 0, 0, 0, 0, 0, 0, 0, 0, 0, 0, 0, 0, 0, 0, 0, 0, 0, 0, 0, 0, 0, 0, 0, 0, 0, 0, 0, 0, 0, 0, 0, 0, 0, 0, 0, 0, 0, 0, 0, 0, 0, 0, 0, 0, 0, 0, 0, 0, 0, 0, 0, 0, 0, 0, 0, 0, 0, 0, 0, 0, 0, 0, 0, 0, 0, 0, 0, 0, 0, 0, 0, 0, 0, 0, 0, 0, 0, 0, 0, 0, 0, 0, 0, 0, 0, 0, 0, 0, 0, 0, 0, 0, 0, 0]


