path: all/yuyin2_5386.tt
path: all/yuyin2_5386.tt
buckets_f: [{5}, {226}, {83, 42, 14, 101, 125, 33, 66, 50, 211}, {25, 26, 147, 113, 164, 207, 144, 233, 129, 1, 180, 63, 199, 52, 112, 70, 166, 94, 114, 174, 153, 197, 146}, {169, 30, 32, 238, 82, 253, 151, 141, 244, 90, 12, 192, 102, 23, 170, 219, 7, 56, 6, 230, 171, 229, 157, 108, 231, 168, 89, 239, 187, 28, 41, 134, 64, 80, 118, 142}, {138, 198, 95, 243, 249, 3, 86, 78, 99, 55, 38, 121, 250, 205, 223, 173, 10, 154, 105, 136, 96, 227, 19, 27, 222, 155, 220, 44, 190, 172, 107, 93, 17, 131, 215, 214, 36, 182, 85, 24, 120, 188, 8, 54, 9, 196, 11, 128}, {127, 177, 203, 81, 208, 216, 15, 31, 193, 237, 163, 22, 34, 29, 246, 124, 162, 110, 51, 67, 217, 210, 148, 103, 72, 109, 91, 186, 48, 59, 74, 40, 201, 21, 135, 143, 75, 49, 252, 209, 179, 185, 126, 140, 254, 245, 194, 236}, {251, 46, 76, 68, 234, 62, 204, 53, 248, 16, 224, 37, 92, 213, 77, 167, 240, 60, 39, 165, 106, 145, 123, 122, 242, 212, 232, 45, 104, 18, 97, 175, 71, 61, 115, 69, 137, 235, 130, 189, 225, 191, 152, 139, 98, 87, 183, 84}, {195, 184, 161, 111, 65, 156, 43, 4, 176, 202, 100, 159, 158, 200, 35, 218, 247, 20, 132, 178, 255, 119, 13, 160, 228, 150, 57}, {47, 206, 79, 181, 2, 221, 241}, {117, 88, 149, 73, 116, 58, 133}, {0}]
buckets_g: [{5}, {226}, {101, 33, 83, 66, 42, 125, 211, 14, 50}, {94, 1, 63, 174, 129, 164, 180, 52, 113, 199, 112, 146, 144, 70, 166, 153, 147, 233, 114, 26, 25, 207, 197}, {89, 192, 170, 141, 80, 41, 238, 157, 118, 239, 102, 230, 32, 90, 28, 12, 108, 244, 253, 7, 64, 169, 30, 231, 171, 56, 168, 82, 151, 134, 187, 229, 23, 142, 219, 6}, {120, 11, 27, 96, 85, 36, 107, 95, 44, 8, 196, 222, 9, 54, 223, 121, 205, 138, 38, 105, 227, 78, 86, 182, 154, 10, 3, 188, 243, 220, 250, 128, 173, 214, 249, 17, 155, 136, 190, 99, 131, 24, 198, 93, 55, 172, 215, 19}, {91, 209, 246, 31, 162, 75, 163, 236, 237, 48, 34, 186, 59, 217, 110, 193, 252, 126, 201, 40, 51, 203, 127, 29, 109, 49, 81, 21, 216, 135, 245, 124, 67, 254, 148, 15, 210, 74, 143, 177, 208, 140, 22, 72, 194, 185, 179, 103}, {130, 242, 224, 18, 232, 251, 240, 234, 204, 213, 225, 212, 104, 139, 97, 189, 61, 53, 87, 145, 106, 122, 152, 77, 98, 60, 115, 183, 123, 45, 62, 235, 248, 37, 175, 92, 69, 76, 71, 191, 68, 16, 84, 39, 46, 165, 137, 167}, {178, 13, 218, 119, 100, 111, 195, 200, 202, 159, 150, 247, 161, 184, 255, 176, 160, 158, 20, 4, 65, 156, 57, 43, 35, 132, 228}, {2, 221, 206, 79, 241, 47, 181}, {149, 88, 58, 133, 117, 116, 73}, {0}]
indices_f: [11, 3, 9, 5, 8, 0, 4, 4, 5, 5, 5, 5, 4, 8, 2, 6, 7, 5, 7, 5, 8, 6, 6, 4, 5, 3, 3, 5, 4, 6, 4, 6, 4, 2, 6, 8, 5, 7, 5, 7, 6, 4, 2, 8, 5, 7, 7, 9, 6, 6, 2, 6, 3, 7, 5, 5, 4, 8, 10, 6, 7, 7, 7, 3, 4, 8, 2, 6, 7, 7, 3, 7, 6, 10, 6, 6, 7, 7, 5, 9, 4, 6, 4, 2, 7, 5, 5, 7, 10, 4, 4, 6, 7, 5, 3, 5, 5, 7, 7, 5, 8, 2, 4, 6, 7, 5, 7, 5, 4, 6, 6, 8, 3, 3, 3, 7, 10, 10, 4, 8, 5, 5, 7, 7, 6, 2, 6, 6, 5, 3, 7, 5, 8, 10, 4, 6, 5, 7, 5, 7, 6, 4, 4, 6, 3, 7, 3, 3, 6, 10, 8, 4, 7, 3, 5, 5, 8, 4, 8, 8, 8, 8, 6, 6, 3, 7, 3, 7, 4, 4, 4, 4, 5, 5, 3, 7, 8, 6, 8, 6, 3, 9, 5, 7, 8, 6, 6, 4, 5, 7, 5, 7, 4, 6, 6, 8, 5, 3, 5, 3, 8, 6, 8, 6, 7, 5, 9, 3, 6, 6, 6, 2, 7, 7, 5, 5, 6, 6, 8, 4, 5, 9, 5, 5, 7, 7, 1, 5, 8, 4, 4, 4, 7, 3, 7, 7, 6, 6, 4, 4, 7, 9, 7, 5, 4, 6, 6, 8, 7, 5, 5, 7, 6, 4, 6, 8]
indices_g: [11, 3, 9, 5, 8, 0, 4, 4, 5, 5, 5, 5, 4, 8, 2, 6, 7, 5, 7, 5, 8, 6, 6, 4, 5, 3, 3, 5, 4, 6, 4, 6, 4, 2, 6, 8, 5, 7, 5, 7, 6, 4, 2, 8, 5, 7, 7, 9, 6, 6, 2, 6, 3, 7, 5, 5, 4, 8, 10, 6, 7, 7, 7, 3, 4, 8, 2, 6, 7, 7, 3, 7, 6, 10, 6, 6, 7, 7, 5, 9, 4, 6, 4, 2, 7, 5, 5, 7, 10, 4, 4, 6, 7, 5, 3, 5, 5, 7, 7, 5, 8, 2, 4, 6, 7, 5, 7, 5, 4, 6, 6, 8, 3, 3, 3, 7, 10, 10, 4, 8, 5, 5, 7, 7, 6, 2, 6, 6, 5, 3, 7, 5, 8, 10, 4, 6, 5, 7, 5, 7, 6, 4, 4, 6, 3, 7, 3, 3, 6, 10, 8, 4, 7, 3, 5, 5, 8, 4, 8, 8, 8, 8, 6, 6, 3, 7, 3, 7, 4, 4, 4, 4, 5, 5, 3, 7, 8, 6, 8, 6, 3, 9, 5, 7, 8, 6, 6, 4, 5, 7, 5, 7, 4, 6, 6, 8, 5, 3, 5, 3, 8, 6, 8, 6, 7, 5, 9, 3, 6, 6, 6, 2, 7, 7, 5, 5, 6, 6, 8, 4, 5, 9, 5, 5, 7, 7, 1, 5, 8, 4, 4, 4, 7, 3, 7, 7, 6, 6, 4, 4, 7, 9, 7, 5, 4, 6, 6, 8, 7, 5, 5, 7, 6, 4, 6, 8]
buckets are valid
L1: [0, 1, 2, 3, 4, 5, 6, 7, 8, 9, 10, 11, 12, 13, 14, 15, 16, 17, 18, 19, 20, 21, 22, 23, 24, 25, 26, 27, 28, 29, 30, 31, 32, 33, 34, 35, 36, 37, 38, 39, 40, 41, 42, 43, 44, 45, 46, 47, 48, 49, 50, 51, 52, 53, 54, 55, 56, 57, 58, 59, 60, 61, 62, 63, 64, 65, 66, 67, 68, 69, 70, 71, 72, 73, 74, 75, 76, 77, 78, 79, 80, 81, 82, 83, 84, 85, 86, 87, 88, 89, 90, 91, 92, 93, 94, 95, 96, 97, 98, 99, 100, 101, 102, 103, 104, 105, 106, 107, 108, 109, 110, 111, 112, 113, 114, 115, 116, 117, 118, 119, 120, 121, 122, 123, 124, 125, 126, 127, 128, 129, 130, 131, 132, 133, 134, 135, 136, 137, 138, 139, 140, 141, 142, 143, 144, 145, 146, 147, 148, 149, 150, 151, 152, 153, 154, 155, 156, 157, 158, 159, 160, 161, 162, 163, 164, 165, 166, 167, 168, 169, 170, 171, 172, 173, 174, 175, 176, 177, 178, 179, 180, 181, 182, 183, 184, 185, 186, 187, 188, 189, 190, 191, 192, 193, 194, 195, 196, 197, 198, 199, 200, 201, 202, 203, 204, 205, 206, 207, 208, 209, 210, 211, 212, 213, 214, 215, 216, 217, 218, 219, 220, 221, 222, 223, 224, 225, 226, 227, 228, 229, 230, 231, 232, 233, 234, 235, 236, 237, 238, 239, 240, 241, 242, 243, 244, 245, 246, 247, 248, 249, 250, 251, 252, 253, 254, 255]
L2: [0, 1, 2, 3, 4, 5, 6, 7, 8, 9, 10, 11, 12, 13, 14, 15, 16, 17, 18, 19, 20, 21, 22, 23, 24, 25, 26, 27, 28, 29, 30, 31, 32, 33, 34, 35, 36, 37, 38, 39, 40, 41, 42, 43, 44, 45, 46, 47, 48, 49, 50, 51, 52, 53, 54, 55, 56, 57, 58, 59, 60, 61, 62, 63, 64, 65, 66, 67, 68, 69, 70, 71, 72, 73, 74, 75, 76, 77, 78, 79, 80, 81, 82, 83, 84, 85, 86, 87, 88, 89, 90, 91, 92, 93, 94, 95, 96, 97, 98, 99, 100, 101, 102, 103, 104, 105, 106, 107, 108, 109, 110, 111, 112, 113, 114, 115, 116, 117, 118, 119, 120, 121, 122, 123, 124, 125, 126, 127, 128, 129, 130, 131, 132, 133, 134, 135, 136, 137, 138, 139, 140, 141, 142, 143, 144, 145, 146, 147, 148, 149, 150, 151, 152, 153, 154, 155, 156, 157, 158, 159, 160, 161, 162, 163, 164, 165, 166, 167, 168, 169, 170, 171, 172, 173, 174, 175, 176, 177, 178, 179, 180, 181, 182, 183, 184, 185, 186, 187, 188, 189, 190, 191, 192, 193, 194, 195, 196, 197, 198, 199, 200, 201, 202, 203, 204, 205, 206, 207, 208, 209, 210, 211, 212, 213, 214, 215, 216, 217, 218, 219, 220, 221, 222, 223, 224, 225, 226, 227, 228, 229, 230, 231, 232, 233, 234, 235, 236, 237, 238, 239, 240, 241, 242, 243, 244, 245, 246, 247, 248, 249, 250, 251, 252, 253, 254, 255]
A: [0, 0, 0, 0, 0, 0, 0, 0, 0, 0, 0, 0, 0, 0, 0, 0, 0, 0, 0, 0, 0, 0, 0, 0, 0, 0, 0, 0, 0, 0, 0, 0, 0, 0, 0, 0, 0, 0, 0, 0, 0, 0, 0, 0, 0, 0, 0, 0, 0, 0, 0, 0, 0, 0, 0, 0, 0, 0, 0, 0, 0, 0, 0, 0, 0, 0, 0, 0, 0, 0, 0, 0, 0, 0, 0, 0, 0, 0, 0, 0, 0, 0, 0, 0, 0, 0, 0, 0, 0, 0, 0, 0, 0, 0, 0, 0, 0, 0, 0, 0, 0, 0, 0, 0, 0, 0, 0, 0, 0, 0, 0, 0, 0, 0, 0, 0, 0, 0, 0, 0, 0, 0, 0, 0, 0, 0, 0, 0, 0, 0, 0, 0, 0, 0, 0, 0, 0, 0, 0, 0, 0, 0, 0, 0, 0, 0, 0, 0, 0, 0, 0, 0, 0, 0, 0, 0, 0, 0, 0, 0, 0, 0, 0, 0, 0, 0, 0, 0, 0, 0, 0, 0, 0, 0, 0, 0, 0, 0, 0, 0, 0, 0, 0, 0, 0, 0, 0, 0, 0, 0, 0, 0, 0, 0, 0, 0, 0, 0, 0, 0, 0, 0, 0, 0, 0, 0, 0, 0, 0, 0, 0, 0, 0, 0, 0, 0, 0, 0, 0, 0, 0, 0, 0, 0, 0, 0, 0, 0, 0, 0, 0, 0, 0, 0, 0, 0, 0, 0, 0, 0, 0, 0, 0, 0, 0, 0, 0, 0, 0, 0, 0, 0, 0, 0, 0, 0]


