path: all/yuyin_8_4410.tt
path: all/yuyin_8_4410.tt
buckets_f: [{201}, {208, 172, 171, 66, 220, 175, 236, 252, 159, 82, 183, 97}, {104, 79, 182, 241, 4, 15, 237, 234, 56, 40, 112, 242, 146, 111, 222, 116, 32, 28, 63, 72, 27, 88, 43}, {160, 243, 18, 228, 50, 212, 1, 85, 152, 192, 203, 136, 101, 126, 121, 163, 57, 73, 114, 33, 30, 45, 207, 199, 139, 65, 2, 94, 125, 41, 42, 109, 86}, {250, 84, 31, 217, 83, 206, 177, 194, 249, 47, 181, 213, 124, 44, 145, 185, 20, 16, 67, 8, 157, 95, 233, 87, 24, 11, 149, 141, 209, 218, 190, 96, 52, 238, 210, 92, 154, 75, 71, 59, 198, 100, 170, 76, 229, 169, 142, 80}, {58, 22, 168, 62, 110, 13, 102, 135, 37, 167, 144, 232, 219, 69, 211, 224, 155, 195, 216, 10, 81, 118, 151, 255, 184, 29, 17, 78, 204, 231, 9, 251, 247, 14, 6, 38, 223, 5, 244, 196, 74, 117, 164, 106, 188, 200, 49, 132}, {134, 138, 51, 193, 161, 129, 3, 123, 91, 246, 7, 162, 226, 197, 35, 36, 158, 64, 12, 68, 99, 254, 55, 165, 130, 103, 115, 221, 173, 166, 205, 150, 39, 230, 202, 23, 153, 120, 245, 186, 137, 19, 253, 174, 178, 189, 133, 119}, {53, 239, 235, 77, 46, 156, 122, 240, 34, 89, 148, 187, 90, 70, 93, 180, 26, 215, 131, 105, 179, 147, 227, 61, 21, 128, 191, 113, 98, 143}, {107, 108, 225, 48, 127, 214, 60}, {248, 25, 176, 54}, {140}, {0}]
buckets_g: [{201}, {97, 172, 208, 236, 159, 82, 220, 175, 171, 66, 183, 252}, {15, 28, 116, 222, 242, 88, 104, 27, 72, 79, 32, 234, 146, 63, 40, 112, 56, 4, 237, 241, 43, 111, 182}, {1, 42, 85, 207, 65, 109, 139, 33, 18, 41, 228, 50, 73, 30, 212, 160, 126, 192, 203, 199, 136, 45, 2, 163, 86, 243, 94, 114, 152, 101, 57, 121, 125}, {96, 213, 76, 80, 8, 145, 100, 185, 190, 154, 206, 229, 198, 52, 124, 20, 95, 181, 210, 87, 47, 169, 59, 44, 194, 217, 157, 11, 238, 24, 67, 141, 233, 83, 84, 250, 92, 170, 31, 218, 177, 142, 71, 209, 249, 16, 149, 75}, {164, 135, 244, 251, 151, 78, 224, 196, 216, 204, 81, 132, 5, 106, 219, 110, 29, 144, 10, 168, 223, 6, 38, 22, 62, 102, 247, 231, 255, 17, 14, 9, 118, 13, 49, 195, 184, 69, 232, 155, 167, 117, 200, 211, 188, 74, 58, 37}, {138, 221, 253, 178, 254, 99, 246, 150, 153, 245, 91, 130, 193, 103, 165, 134, 129, 68, 19, 186, 119, 162, 230, 115, 64, 12, 7, 51, 158, 55, 120, 226, 133, 3, 161, 35, 166, 23, 36, 173, 197, 174, 189, 202, 39, 137, 205, 123}, {105, 143, 89, 215, 21, 98, 61, 93, 148, 26, 187, 113, 147, 240, 53, 70, 235, 179, 180, 156, 191, 128, 239, 122, 77, 227, 131, 90, 46, 34}, {225, 107, 127, 108, 48, 60, 214}, {54, 176, 248, 25}, {140}, {0}]
indices_f: [11, 3, 3, 6, 2, 5, 5, 6, 4, 5, 5, 4, 6, 5, 5, 2, 4, 5, 3, 6, 4, 7, 5, 6, 4, 9, 7, 2, 2, 5, 3, 4, 2, 3, 7, 6, 6, 5, 5, 6, 2, 3, 3, 2, 4, 3, 7, 4, 8, 5, 3, 6, 4, 7, 9, 6, 2, 3, 5, 4, 8, 7, 5, 2, 6, 3, 1, 4, 6, 5, 7, 4, 2, 3, 5, 4, 4, 7, 5, 2, 4, 5, 1, 4, 4, 3, 3, 4, 2, 7, 7, 6, 4, 7, 3, 4, 4, 1, 7, 6, 4, 3, 5, 6, 2, 7, 5, 8, 8, 3, 5, 2, 2, 7, 3, 6, 2, 5, 5, 6, 6, 3, 7, 6, 4, 3, 3, 8, 7, 6, 6, 7, 5, 6, 6, 5, 3, 6, 6, 3, 10, 4, 4, 7, 5, 4, 2, 7, 7, 4, 6, 5, 3, 6, 4, 5, 7, 4, 6, 1, 3, 6, 6, 3, 5, 6, 6, 5, 5, 4, 4, 1, 1, 6, 6, 1, 9, 4, 6, 7, 7, 4, 2, 1, 5, 4, 6, 7, 5, 6, 4, 7, 3, 6, 4, 5, 5, 6, 4, 3, 5, 0, 6, 3, 5, 6, 4, 3, 1, 4, 4, 5, 3, 4, 8, 7, 5, 4, 4, 5, 1, 6, 2, 5, 5, 8, 6, 7, 3, 4, 6, 5, 5, 4, 2, 7, 1, 2, 4, 7, 7, 2, 2, 3, 5, 6, 6, 5, 9, 4, 4, 5, 1, 6, 6, 5]
indices_g: [11, 3, 3, 6, 2, 5, 5, 6, 4, 5, 5, 4, 6, 5, 5, 2, 4, 5, 3, 6, 4, 7, 5, 6, 4, 9, 7, 2, 2, 5, 3, 4, 2, 3, 7, 6, 6, 5, 5, 6, 2, 3, 3, 2, 4, 3, 7, 4, 8, 5, 3, 6, 4, 7, 9, 6, 2, 3, 5, 4, 8, 7, 5, 2, 6, 3, 1, 4, 6, 5, 7, 4, 2, 3, 5, 4, 4, 7, 5, 2, 4, 5, 1, 4, 4, 3, 3, 4, 2, 7, 7, 6, 4, 7, 3, 4, 4, 1, 7, 6, 4, 3, 5, 6, 2, 7, 5, 8, 8, 3, 5, 2, 2, 7, 3, 6, 2, 5, 5, 6, 6, 3, 7, 6, 4, 3, 3, 8, 7, 6, 6, 7, 5, 6, 6, 5, 3, 6, 6, 3, 10, 4, 4, 7, 5, 4, 2, 7, 7, 4, 6, 5, 3, 6, 4, 5, 7, 4, 6, 1, 3, 6, 6, 3, 5, 6, 6, 5, 5, 4, 4, 1, 1, 6, 6, 1, 9, 4, 6, 7, 7, 4, 2, 1, 5, 4, 6, 7, 5, 6, 4, 7, 3, 6, 4, 5, 5, 6, 4, 3, 5, 0, 6, 3, 5, 6, 4, 3, 1, 4, 4, 5, 3, 4, 8, 7, 5, 4, 4, 5, 1, 6, 2, 5, 5, 8, 6, 7, 3, 4, 6, 5, 5, 4, 2, 7, 1, 2, 4, 7, 7, 2, 2, 3, 5, 6, 6, 5, 9, 4, 4, 5, 1, 6, 6, 5]
buckets are valid
L1: [0, 1, 2, 3, 4, 5, 6, 7, 8, 9, 10, 11, 12, 13, 14, 15, 16, 17, 18, 19, 20, 21, 22, 23, 24, 25, 26, 27, 28, 29, 30, 31, 32, 33, 34, 35, 36, 37, 38, 39, 40, 41, 42, 43, 44, 45, 46, 47, 48, 49, 50, 51, 52, 53, 54, 55, 56, 57, 58, 59, 60, 61, 62, 63, 64, 65, 66, 67, 68, 69, 70, 71, 72, 73, 74, 75, 76, 77, 78, 79, 80, 81, 82, 83, 84, 85, 86, 87, 88, 89, 90, 91, 92, 93, 94, 95, 96, 97, 98, 99, 100, 101, 102, 103, 104, 105, 106, 107, 108, 109, 110, 111, 112, 113, 114, 115, 116, 117, 118, 119, 120, 121, 122, 123, 124, 125, 126, 127, 128, 129, 130, 131, 132, 133, 134, 135, 136, 137, 138, 139, 140, 141, 142, 143, 144, 145, 146, 147, 148, 149, 150, 151, 152, 153, 154, 155, 156, 157, 158, 159, 160, 161, 162, 163, 164, 165, 166, 167, 168, 169, 170, 171, 172, 173, 174, 175, 176, 177, 178, 179, 180, 181, 182, 183, 184, 185, 186, 187, 188, 189, 190, 191, 192, 193, 194, 195, 196, 197, 198, 199, 200, 201, 202, 203, 204, 205, 206, 207, 208, 209, 210, 211, 212, 213, 214, 215, 216, 217, 218, 219, 220, 221, 222, 223, 224, 225, 226, 227, 228, 229, 230, 231, 232, 233, 234, 235, 236, 237, 238, 239, 240, 241, 242, 243, 244, 245, 246, 247, 248, 249, 250, 251, 252, 253, 254, 255]
L2: [0, 1, 2, 3, 4, 5, 6, 7, 8, 9, 10, 11, 12, 13, 14, 15, 16, 17, 18, 19, 20, 21, 22, 23, 24, 25, 26, 27, 28, 29, 30, 31, 32, 33, 34, 35, 36, 37, 38, 39, 40, 41, 42, 43, 44, 45, 46, 47, 48, 49, 50, 51, 52, 53, 54, 55, 56, 57, 58, 59, 60, 61, 62, 63, 64, 65, 66, 67, 68, 69, 70, 71, 72, 73, 74, 75, 76, 77, 78, 79, 80, 81, 82, 83, 84, 85, 86, 87, 88, 89, 90, 91, 92, 93, 94, 95, 96, 97, 98, 99, 100, 101, 102, 103, 104, 105, 106, 107, 108, 109, 110, 111, 112, 113, 114, 115, 116, 117, 118, 119, 120, 121, 122, 123, 124, 125, 126, 127, 128, 129, 130, 131, 132, 133, 134, 135, 136, 137, 138, 139, 140, 141, 142, 143, 144, 145, 146, 147, 148, 149, 150, 151, 152, 153, 154, 155, 156, 157, 158, 159, 160, 161, 162, 163, 164, 165, 166, 167, 168, 169, 170, 171, 172, 173, 174, 175, 176, 177, 178, 179, 180, 181, 182, 183, 184, 185, 186, 187, 188, 189, 190, 191, 192, 193, 194, 195, 196, 197, 198, 199, 200, 201, 202, 203, 204, 205, 206, 207, 208, 209, 210, 211, 212, 213, 214, 215, 216, 217, 218, 219, 220, 221, 222, 223, 224, 225, 226, 227, 228, 229, 230, 231, 232, 233, 234, 235, 236, 237, 238, 239, 240, 241, 242, 243, 244, 245, 246, 247, 248, 249, 250, 251, 252, 253, 254, 255]
A: [0, 0, 0, 0, 0, 0, 0, 0, 0, 0, 0, 0, 0, 0, 0, 0, 0, 0, 0, 0, 0, 0, 0, 0, 0, 0, 0, 0, 0, 0, 0, 0, 0, 0, 0, 0, 0, 0, 0, 0, 0, 0, 0, 0, 0, 0, 0, 0, 0, 0, 0, 0, 0, 0, 0, 0, 0, 0, 0, 0, 0, 0, 0, 0, 0, 0, 0, 0, 0, 0, 0, 0, 0, 0, 0, 0, 0, 0, 0, 0, 0, 0, 0, 0, 0, 0, 0, 0, 0, 0, 0, 0, 0, 0, 0, 0, 0, 0, 0, 0, 0, 0, 0, 0, 0, 0, 0, 0, 0, 0, 0, 0, 0, 0, 0, 0, 0, 0, 0, 0, 0, 0, 0, 0, 0, 0, 0, 0, 0, 0, 0, 0, 0, 0, 0, 0, 0, 0, 0, 0, 0, 0, 0, 0, 0, 0, 0, 0, 0, 0, 0, 0, 0, 0, 0, 0, 0, 0, 0, 0, 0, 0, 0, 0, 0, 0, 0, 0, 0, 0, 0, 0, 0, 0, 0, 0, 0, 0, 0, 0, 0, 0, 0, 0, 0, 0, 0, 0, 0, 0, 0, 0, 0, 0, 0, 0, 0, 0, 0, 0, 0, 0, 0, 0, 0, 0, 0, 0, 0, 0, 0, 0, 0, 0, 0, 0, 0, 0, 0, 0, 0, 0, 0, 0, 0, 0, 0, 0, 0, 0, 0, 0, 0, 0, 0, 0, 0, 0, 0, 0, 0, 0, 0, 0, 0, 0, 0, 0, 0, 0, 0, 0, 0, 0, 0, 0]


