path: all/yuyin_8_7168.tt
path: all/yuyin_8_7168.tt
buckets_f: [{124}, {102, 42}, {159, 186, 125, 221, 152, 88, 116, 150, 82}, {34, 140, 72, 195, 105, 139, 5, 64, 45, 41, 74, 1, 135, 67, 234, 11, 75, 229, 77, 14, 232, 2, 71, 132}, {189, 246, 253, 182, 190, 27, 16, 244, 219, 188, 154, 52, 30, 117, 251, 153, 180, 29, 20, 254, 23, 61, 81, 184, 252, 183, 156, 121, 31, 250, 213, 146, 113, 50}, {35, 201, 237, 197, 129, 169, 7, 205, 69, 171, 106, 173, 78, 141, 160, 172, 13, 110, 79, 161, 230, 170, 104, 101, 138, 39, 206, 198, 231, 133, 68, 6, 162, 136, 236, 134, 142, 33, 166, 40, 109, 167, 47, 194, 36, 163}, {83, 148, 127, 155, 176, 177, 209, 243, 248, 147, 19, 218, 217, 51, 120, 48, 144, 223, 86, 84, 112, 118, 62, 85, 18, 60, 115, 24, 157, 92, 59, 93, 123, 212, 210, 25, 87, 95, 56, 249, 55, 242, 53, 214, 89, 94}, {103, 207, 233, 228, 73, 174, 225, 175, 137, 43, 239, 15, 70, 76, 37, 10, 202, 4, 111, 200, 130, 235, 196, 204, 107, 128, 66, 226, 108, 227, 96, 165, 38, 8, 143, 164, 193, 238, 224, 100, 199, 32, 3, 65, 46, 9}, {215, 245, 49, 181, 179, 208, 63, 149, 122, 26, 90, 241, 216, 211, 222, 80, 220, 240, 158, 178, 114, 255, 21, 57, 58, 28, 126, 151, 91, 119, 17, 191, 22, 185, 247, 54, 145}, {97, 44, 131, 192, 168, 12, 99, 203}, {187}, {98}, {0}]
buckets_g: [{124}, {102, 42}, {152, 125, 221, 88, 159, 186, 82, 116, 150}, {71, 14, 195, 140, 135, 11, 132, 5, 232, 234, 67, 45, 75, 2, 229, 105, 1, 64, 34, 139, 74, 41, 72, 77}, {246, 251, 213, 253, 121, 113, 20, 50, 23, 254, 153, 31, 52, 190, 146, 30, 154, 184, 117, 250, 81, 188, 183, 182, 29, 180, 244, 16, 156, 219, 189, 61, 252, 27}, {194, 205, 169, 236, 201, 171, 133, 170, 172, 33, 206, 68, 173, 163, 109, 69, 36, 134, 142, 13, 35, 106, 167, 198, 79, 166, 78, 110, 6, 231, 141, 47, 162, 39, 136, 40, 161, 101, 197, 237, 129, 138, 104, 160, 230, 7}, {176, 93, 112, 24, 60, 115, 147, 223, 94, 53, 243, 212, 59, 48, 56, 217, 55, 18, 155, 25, 83, 62, 87, 210, 120, 242, 19, 127, 92, 249, 95, 157, 177, 86, 89, 51, 209, 84, 248, 148, 214, 144, 85, 118, 123, 218}, {227, 174, 37, 238, 46, 137, 233, 103, 15, 130, 10, 224, 199, 8, 225, 193, 4, 235, 196, 66, 70, 228, 108, 3, 111, 73, 204, 107, 226, 9, 200, 143, 38, 65, 165, 207, 202, 100, 76, 175, 32, 43, 128, 96, 239, 164}, {80, 247, 240, 28, 58, 191, 57, 216, 208, 126, 222, 54, 255, 220, 22, 185, 149, 215, 114, 151, 145, 26, 178, 181, 122, 119, 241, 63, 179, 91, 158, 49, 245, 17, 21, 90, 211}, {192, 12, 203, 97, 99, 131, 168, 44}, {187}, {98}, {0}]
indices_f: [12, 3, 3, 7, 7, 3, 5, 5, 7, 7, 7, 3, 9, 5, 3, 7, 4, 8, 6, 6, 4, 8, 8, 4, 6, 6, 8, 4, 8, 4, 4, 4, 7, 5, 3, 5, 5, 7, 7, 5, 5, 3, 1, 7, 9, 3, 7, 5, 6, 8, 4, 6, 4, 6, 8, 6, 6, 8, 8, 6, 6, 4, 6, 8, 3, 7, 7, 3, 5, 5, 7, 3, 3, 7, 3, 3, 7, 3, 5, 5, 8, 4, 2, 6, 6, 6, 6, 6, 2, 6, 8, 8, 6, 6, 6, 6, 7, 9, 11, 9, 7, 5, 1, 7, 5, 3, 5, 7, 7, 5, 5, 7, 6, 4, 8, 6, 2, 4, 6, 8, 6, 4, 8, 6, 0, 2, 8, 6, 7, 5, 7, 9, 3, 5, 5, 3, 5, 7, 5, 3, 3, 5, 5, 7, 6, 8, 4, 6, 6, 8, 2, 8, 2, 4, 4, 6, 4, 6, 8, 2, 5, 5, 5, 5, 7, 7, 5, 5, 9, 5, 5, 5, 5, 5, 7, 7, 6, 6, 8, 8, 4, 8, 4, 4, 4, 8, 2, 10, 4, 4, 4, 8, 9, 7, 5, 3, 7, 5, 5, 7, 7, 5, 7, 9, 7, 5, 5, 7, 8, 6, 6, 8, 6, 4, 6, 8, 8, 6, 6, 4, 8, 2, 8, 6, 7, 7, 7, 7, 7, 3, 5, 5, 3, 7, 3, 7, 5, 5, 7, 7, 8, 8, 6, 6, 4, 8, 4, 8, 6, 6, 4, 4, 4, 4, 4, 8]
indices_g: [12, 3, 3, 7, 7, 3, 5, 5, 7, 7, 7, 3, 9, 5, 3, 7, 4, 8, 6, 6, 4, 8, 8, 4, 6, 6, 8, 4, 8, 4, 4, 4, 7, 5, 3, 5, 5, 7, 7, 5, 5, 3, 1, 7, 9, 3, 7, 5, 6, 8, 4, 6, 4, 6, 8, 6, 6, 8, 8, 6, 6, 4, 6, 8, 3, 7, 7, 3, 5, 5, 7, 3, 3, 7, 3, 3, 7, 3, 5, 5, 8, 4, 2, 6, 6, 6, 6, 6, 2, 6, 8, 8, 6, 6, 6, 6, 7, 9, 11, 9, 7, 5, 1, 7, 5, 3, 5, 7, 7, 5, 5, 7, 6, 4, 8, 6, 2, 4, 6, 8, 6, 4, 8, 6, 0, 2, 8, 6, 7, 5, 7, 9, 3, 5, 5, 3, 5, 7, 5, 3, 3, 5, 5, 7, 6, 8, 4, 6, 6, 8, 2, 8, 2, 4, 4, 6, 4, 6, 8, 2, 5, 5, 5, 5, 7, 7, 5, 5, 9, 5, 5, 5, 5, 5, 7, 7, 6, 6, 8, 8, 4, 8, 4, 4, 4, 8, 2, 10, 4, 4, 4, 8, 9, 7, 5, 3, 7, 5, 5, 7, 7, 5, 7, 9, 7, 5, 5, 7, 8, 6, 6, 8, 6, 4, 6, 8, 8, 6, 6, 4, 8, 2, 8, 6, 7, 7, 7, 7, 7, 3, 5, 5, 3, 7, 3, 7, 5, 5, 7, 7, 8, 8, 6, 6, 4, 8, 4, 8, 6, 6, 4, 4, 4, 4, 4, 8]
buckets are valid
L1: [0, 1, 2, 3, 4, 5, 6, 7, 8, 9, 10, 11, 12, 13, 14, 15, 16, 17, 18, 19, 20, 21, 22, 23, 24, 25, 26, 27, 28, 29, 30, 31, 32, 33, 34, 35, 36, 37, 38, 39, 40, 41, 42, 43, 44, 45, 46, 47, 48, 49, 50, 51, 52, 53, 54, 55, 56, 57, 58, 59, 60, 61, 62, 63, 64, 65, 66, 67, 68, 69, 70, 71, 72, 73, 74, 75, 76, 77, 78, 79, 80, 81, 82, 83, 84, 85, 86, 87, 88, 89, 90, 91, 92, 93, 94, 95, 96, 97, 98, 99, 100, 101, 102, 103, 104, 105, 106, 107, 108, 109, 110, 111, 112, 113, 114, 115, 116, 117, 118, 119, 120, 121, 122, 123, 124, 125, 126, 127, 128, 129, 130, 131, 132, 133, 134, 135, 136, 137, 138, 139, 140, 141, 142, 143, 144, 145, 146, 147, 148, 149, 150, 151, 152, 153, 154, 155, 156, 157, 158, 159, 160, 161, 162, 163, 164, 165, 166, 167, 168, 169, 170, 171, 172, 173, 174, 175, 176, 177, 178, 179, 180, 181, 182, 183, 184, 185, 186, 187, 188, 189, 190, 191, 192, 193, 194, 195, 196, 197, 198, 199, 200, 201, 202, 203, 204, 205, 206, 207, 208, 209, 210, 211, 212, 213, 214, 215, 216, 217, 218, 219, 220, 221, 222, 223, 224, 225, 226, 227, 228, 229, 230, 231, 232, 233, 234, 235, 236, 237, 238, 239, 240, 241, 242, 243, 244, 245, 246, 247, 248, 249, 250, 251, 252, 253, 254, 255]
L2: [0, 1, 2, 3, 4, 5, 6, 7, 8, 9, 10, 11, 12, 13, 14, 15, 16, 17, 18, 19, 20, 21, 22, 23, 24, 25, 26, 27, 28, 29, 30, 31, 32, 33, 34, 35, 36, 37, 38, 39, 40, 41, 42, 43, 44, 45, 46, 47, 48, 49, 50, 51, 52, 53, 54, 55, 56, 57, 58, 59, 60, 61, 62, 63, 64, 65, 66, 67, 68, 69, 70, 71, 72, 73, 74, 75, 76, 77, 78, 79, 80, 81, 82, 83, 84, 85, 86, 87, 88, 89, 90, 91, 92, 93, 94, 95, 96, 97, 98, 99, 100, 101, 102, 103, 104, 105, 106, 107, 108, 109, 110, 111, 112, 113, 114, 115, 116, 117, 118, 119, 120, 121, 122, 123, 124, 125, 126, 127, 128, 129, 130, 131, 132, 133, 134, 135, 136, 137, 138, 139, 140, 141, 142, 143, 144, 145, 146, 147, 148, 149, 150, 151, 152, 153, 154, 155, 156, 157, 158, 159, 160, 161, 162, 163, 164, 165, 166, 167, 168, 169, 170, 171, 172, 173, 174, 175, 176, 177, 178, 179, 180, 181, 182, 183, 184, 185, 186, 187, 188, 189, 190, 191, 192, 193, 194, 195, 196, 197, 198, 199, 200, 201, 202, 203, 204, 205, 206, 207, 208, 209, 210, 211, 212, 213, 214, 215, 216, 217, 218, 219, 220, 221, 222, 223, 224, 225, 226, 227, 228, 229, 230, 231, 232, 233, 234, 235, 236, 237, 238, 239, 240, 241, 242, 243, 244, 245, 246, 247, 248, 249, 250, 251, 252, 253, 254, 255]
A: [0, 0, 0, 0, 0, 0, 0, 0, 0, 0, 0, 0, 0, 0, 0, 0, 0, 0, 0, 0, 0, 0, 0, 0, 0, 0, 0, 0, 0, 0, 0, 0, 0, 0, 0, 0, 0, 0, 0, 0, 0, 0, 0, 0, 0, 0, 0, 0, 0, 0, 0, 0, 0, 0, 0, 0, 0, 0, 0, 0, 0, 0, 0, 0, 0, 0, 0, 0, 0, 0, 0, 0, 0, 0, 0, 0, 0, 0, 0, 0, 0, 0, 0, 0, 0, 0, 0, 0, 0, 0, 0, 0, 0, 0, 0, 0, 0, 0, 0, 0, 0, 0, 0, 0, 0, 0, 0, 0, 0, 0, 0, 0, 0, 0, 0, 0, 0, 0, 0, 0, 0, 0, 0, 0, 0, 0, 0, 0, 0, 0, 0, 0, 0, 0, 0, 0, 0, 0, 0, 0, 0, 0, 0, 0, 0, 0, 0, 0, 0, 0, 0, 0, 0, 0, 0, 0, 0, 0, 0, 0, 0, 0, 0, 0, 0, 0, 0, 0, 0, 0, 0, 0, 0, 0, 0, 0, 0, 0, 0, 0, 0, 0, 0, 0, 0, 0, 0, 0, 0, 0, 0, 0, 0, 0, 0, 0, 0, 0, 0, 0, 0, 0, 0, 0, 0, 0, 0, 0, 0, 0, 0, 0, 0, 0, 0, 0, 0, 0, 0, 0, 0, 0, 0, 0, 0, 0, 0, 0, 0, 0, 0, 0, 0, 0, 0, 0, 0, 0, 0, 0, 0, 0, 0, 0, 0, 0, 0, 0, 0, 0, 0, 0, 0, 0, 0, 0]


