path: all/yuyin_8_2735.tt
path: all/yuyin_8_2735.tt
buckets_f: [{181}, {153, 78}, {125, 24, 157, 58, 90, 151, 232}, {46, 33, 77, 234, 68, 56, 128, 25, 127, 171, 190, 134, 149, 205, 133, 117, 94, 62, 75, 194, 131, 180, 159, 36}, {175, 195, 238, 130, 247, 228, 114, 197, 27, 231, 38, 204, 198, 103, 13, 145, 110, 146, 213, 7, 107, 132, 76, 83, 11, 89, 179, 35, 186, 1, 207, 54, 57, 202, 63, 98, 116, 135}, {219, 162, 106, 99, 147, 40, 111, 236, 215, 82, 3, 230, 22, 250, 50, 216, 102, 143, 161, 9, 112, 45, 87, 174, 88, 19, 173, 71, 93, 59, 249, 239, 124, 5, 72, 52, 137, 122, 61, 229, 138, 65, 154, 252, 15, 26}, {254, 97, 17, 220, 8, 223, 85, 158, 139, 113, 253, 51, 248, 142, 141, 166, 70, 170, 148, 169, 80, 64, 109, 123, 37, 95, 14, 226, 251, 235, 53, 208, 47, 4, 104, 100, 225, 165, 20, 79, 60, 211, 29, 119, 136, 42}, {245, 200, 233, 164, 240, 16, 43, 10, 209, 84, 243, 227, 203, 178, 108, 222, 156, 167, 183, 121, 115, 184, 210, 168, 66, 246, 105, 55, 206, 189, 101, 150, 28, 199, 6, 21, 177, 193, 187, 49, 81, 196, 221, 12, 96, 91}, {41, 201, 182, 120, 185, 18, 44, 172, 126, 163, 152, 244, 30, 67, 129, 48, 188, 214, 92, 241, 176, 69, 237, 242, 86, 192, 155, 23, 218, 160, 191, 217, 74}, {212, 118, 31, 140, 39, 34, 255, 144}, {73, 2, 32}, {224}, {0}]
buckets_g: [{181}, {78, 153}, {151, 90, 58, 232, 157, 125, 24}, {127, 131, 134, 171, 234, 190, 77, 128, 68, 117, 133, 75, 194, 205, 25, 159, 180, 36, 46, 149, 56, 33, 94, 62}, {207, 175, 231, 116, 1, 198, 202, 145, 114, 213, 98, 110, 179, 38, 204, 35, 89, 27, 238, 103, 76, 197, 135, 247, 186, 146, 57, 63, 132, 228, 130, 107, 11, 195, 83, 13, 54, 7}, {93, 71, 19, 124, 15, 50, 9, 174, 59, 26, 154, 216, 106, 72, 87, 229, 219, 5, 112, 22, 102, 82, 230, 239, 61, 249, 122, 147, 88, 252, 52, 40, 137, 236, 138, 65, 111, 215, 173, 99, 250, 45, 161, 162, 3, 143}, {51, 85, 109, 170, 80, 165, 148, 53, 226, 211, 169, 100, 123, 104, 97, 223, 220, 248, 141, 20, 253, 235, 208, 142, 113, 29, 158, 17, 225, 95, 64, 70, 37, 42, 251, 79, 139, 136, 4, 60, 14, 119, 254, 8, 47, 166}, {209, 200, 210, 203, 164, 187, 81, 206, 28, 221, 156, 115, 189, 12, 183, 105, 121, 21, 193, 91, 84, 168, 243, 177, 184, 16, 246, 233, 196, 101, 43, 178, 6, 55, 167, 10, 227, 245, 240, 222, 66, 199, 96, 49, 150, 108}, {191, 44, 160, 48, 41, 152, 23, 218, 18, 214, 244, 242, 86, 163, 172, 217, 30, 92, 155, 237, 201, 69, 67, 182, 74, 192, 176, 126, 188, 120, 129, 185, 241}, {144, 34, 212, 255, 39, 140, 118, 31}, {32, 73, 2}, {224}, {0}]
indices_f: [12, 4, 10, 5, 6, 5, 7, 4, 6, 5, 7, 4, 7, 4, 6, 5, 7, 6, 8, 5, 6, 7, 5, 8, 2, 3, 5, 4, 7, 6, 8, 9, 10, 3, 9, 4, 3, 6, 4, 9, 5, 8, 6, 7, 8, 5, 3, 6, 8, 7, 5, 6, 5, 6, 4, 7, 3, 4, 2, 5, 6, 5, 3, 4, 6, 5, 7, 8, 3, 8, 6, 5, 5, 10, 8, 3, 4, 3, 1, 6, 6, 7, 5, 4, 7, 6, 8, 5, 5, 4, 2, 7, 8, 5, 3, 6, 7, 6, 4, 5, 6, 7, 5, 4, 6, 7, 5, 4, 7, 6, 4, 5, 5, 6, 4, 7, 4, 3, 9, 6, 8, 7, 5, 6, 5, 2, 8, 3, 3, 8, 4, 3, 4, 3, 3, 4, 6, 5, 5, 6, 9, 6, 6, 5, 9, 4, 4, 5, 6, 3, 7, 2, 8, 1, 5, 8, 7, 2, 6, 3, 8, 5, 5, 8, 7, 6, 6, 7, 7, 6, 6, 3, 8, 5, 5, 4, 8, 7, 7, 4, 3, 0, 8, 7, 7, 8, 4, 7, 8, 7, 3, 8, 8, 7, 3, 4, 7, 4, 4, 7, 7, 8, 4, 7, 4, 3, 7, 4, 6, 7, 7, 6, 9, 4, 8, 5, 5, 8, 8, 5, 6, 7, 7, 6, 11, 6, 6, 7, 4, 5, 5, 4, 2, 7, 3, 6, 5, 8, 4, 5, 7, 8, 8, 7, 8, 7, 7, 4, 6, 5, 5, 6, 5, 6, 6, 9]
indices_g: [12, 4, 10, 5, 6, 5, 7, 4, 6, 5, 7, 4, 7, 4, 6, 5, 7, 6, 8, 5, 6, 7, 5, 8, 2, 3, 5, 4, 7, 6, 8, 9, 10, 3, 9, 4, 3, 6, 4, 9, 5, 8, 6, 7, 8, 5, 3, 6, 8, 7, 5, 6, 5, 6, 4, 7, 3, 4, 2, 5, 6, 5, 3, 4, 6, 5, 7, 8, 3, 8, 6, 5, 5, 10, 8, 3, 4, 3, 1, 6, 6, 7, 5, 4, 7, 6, 8, 5, 5, 4, 2, 7, 8, 5, 3, 6, 7, 6, 4, 5, 6, 7, 5, 4, 6, 7, 5, 4, 7, 6, 4, 5, 5, 6, 4, 7, 4, 3, 9, 6, 8, 7, 5, 6, 5, 2, 8, 3, 3, 8, 4, 3, 4, 3, 3, 4, 6, 5, 5, 6, 9, 6, 6, 5, 9, 4, 4, 5, 6, 3, 7, 2, 8, 1, 5, 8, 7, 2, 6, 3, 8, 5, 5, 8, 7, 6, 6, 7, 7, 6, 6, 3, 8, 5, 5, 4, 8, 7, 7, 4, 3, 0, 8, 7, 7, 8, 4, 7, 8, 7, 3, 8, 8, 7, 3, 4, 7, 4, 4, 7, 7, 8, 4, 7, 4, 3, 7, 4, 6, 7, 7, 6, 9, 4, 8, 5, 5, 8, 8, 5, 6, 7, 7, 6, 11, 6, 6, 7, 4, 5, 5, 4, 2, 7, 3, 6, 5, 8, 4, 5, 7, 8, 8, 7, 8, 7, 7, 4, 6, 5, 5, 6, 5, 6, 6, 9]
buckets are valid
L1: [0, 1, 2, 3, 4, 5, 6, 7, 8, 9, 10, 11, 12, 13, 14, 15, 16, 17, 18, 19, 20, 21, 22, 23, 24, 25, 26, 27, 28, 29, 30, 31, 32, 33, 34, 35, 36, 37, 38, 39, 40, 41, 42, 43, 44, 45, 46, 47, 48, 49, 50, 51, 52, 53, 54, 55, 56, 57, 58, 59, 60, 61, 62, 63, 64, 65, 66, 67, 68, 69, 70, 71, 72, 73, 74, 75, 76, 77, 78, 79, 80, 81, 82, 83, 84, 85, 86, 87, 88, 89, 90, 91, 92, 93, 94, 95, 96, 97, 98, 99, 100, 101, 102, 103, 104, 105, 106, 107, 108, 109, 110, 111, 112, 113, 114, 115, 116, 117, 118, 119, 120, 121, 122, 123, 124, 125, 126, 127, 128, 129, 130, 131, 132, 133, 134, 135, 136, 137, 138, 139, 140, 141, 142, 143, 144, 145, 146, 147, 148, 149, 150, 151, 152, 153, 154, 155, 156, 157, 158, 159, 160, 161, 162, 163, 164, 165, 166, 167, 168, 169, 170, 171, 172, 173, 174, 175, 176, 177, 178, 179, 180, 181, 182, 183, 184, 185, 186, 187, 188, 189, 190, 191, 192, 193, 194, 195, 196, 197, 198, 199, 200, 201, 202, 203, 204, 205, 206, 207, 208, 209, 210, 211, 212, 213, 214, 215, 216, 217, 218, 219, 220, 221, 222, 223, 224, 225, 226, 227, 228, 229, 230, 231, 232, 233, 234, 235, 236, 237, 238, 239, 240, 241, 242, 243, 244, 245, 246, 247, 248, 249, 250, 251, 252, 253, 254, 255]
L2: [0, 1, 2, 3, 4, 5, 6, 7, 8, 9, 10, 11, 12, 13, 14, 15, 16, 17, 18, 19, 20, 21, 22, 23, 24, 25, 26, 27, 28, 29, 30, 31, 32, 33, 34, 35, 36, 37, 38, 39, 40, 41, 42, 43, 44, 45, 46, 47, 48, 49, 50, 51, 52, 53, 54, 55, 56, 57, 58, 59, 60, 61, 62, 63, 64, 65, 66, 67, 68, 69, 70, 71, 72, 73, 74, 75, 76, 77, 78, 79, 80, 81, 82, 83, 84, 85, 86, 87, 88, 89, 90, 91, 92, 93, 94, 95, 96, 97, 98, 99, 100, 101, 102, 103, 104, 105, 106, 107, 108, 109, 110, 111, 112, 113, 114, 115, 116, 117, 118, 119, 120, 121, 122, 123, 124, 125, 126, 127, 128, 129, 130, 131, 132, 133, 134, 135, 136, 137, 138, 139, 140, 141, 142, 143, 144, 145, 146, 147, 148, 149, 150, 151, 152, 153, 154, 155, 156, 157, 158, 159, 160, 161, 162, 163, 164, 165, 166, 167, 168, 169, 170, 171, 172, 173, 174, 175, 176, 177, 178, 179, 180, 181, 182, 183, 184, 185, 186, 187, 188, 189, 190, 191, 192, 193, 194, 195, 196, 197, 198, 199, 200, 201, 202, 203, 204, 205, 206, 207, 208, 209, 210, 211, 212, 213, 214, 215, 216, 217, 218, 219, 220, 221, 222, 223, 224, 225, 226, 227, 228, 229, 230, 231, 232, 233, 234, 235, 236, 237, 238, 239, 240, 241, 242, 243, 244, 245, 246, 247, 248, 249, 250, 251, 252, 253, 254, 255]
A: [0, 0, 0, 0, 0, 0, 0, 0, 0, 0, 0, 0, 0, 0, 0, 0, 0, 0, 0, 0, 0, 0, 0, 0, 0, 0, 0, 0, 0, 0, 0, 0, 0, 0, 0, 0, 0, 0, 0, 0, 0, 0, 0, 0, 0, 0, 0, 0, 0, 0, 0, 0, 0, 0, 0, 0, 0, 0, 0, 0, 0, 0, 0, 0, 0, 0, 0, 0, 0, 0, 0, 0, 0, 0, 0, 0, 0, 0, 0, 0, 0, 0, 0, 0, 0, 0, 0, 0, 0, 0, 0, 0, 0, 0, 0, 0, 0, 0, 0, 0, 0, 0, 0, 0, 0, 0, 0, 0, 0, 0, 0, 0, 0, 0, 0, 0, 0, 0, 0, 0, 0, 0, 0, 0, 0, 0, 0, 0, 0, 0, 0, 0, 0, 0, 0, 0, 0, 0, 0, 0, 0, 0, 0, 0, 0, 0, 0, 0, 0, 0, 0, 0, 0, 0, 0, 0, 0, 0, 0, 0, 0, 0, 0, 0, 0, 0, 0, 0, 0, 0, 0, 0, 0, 0, 0, 0, 0, 0, 0, 0, 0, 0, 0, 0, 0, 0, 0, 0, 0, 0, 0, 0, 0, 0, 0, 0, 0, 0, 0, 0, 0, 0, 0, 0, 0, 0, 0, 0, 0, 0, 0, 0, 0, 0, 0, 0, 0, 0, 0, 0, 0, 0, 0, 0, 0, 0, 0, 0, 0, 0, 0, 0, 0, 0, 0, 0, 0, 0, 0, 0, 0, 0, 0, 0, 0, 0, 0, 0, 0, 0, 0, 0, 0, 0, 0, 0]


