path: all/yuyin_8_7410.tt
path: all/yuyin_8_7410.tt
buckets_f: [{41, 19}, {50, 210}, {120, 95, 38, 34, 77, 147, 45, 88}, {228, 57, 236, 44, 207, 67, 181, 22, 8, 132, 139, 239, 107, 30, 153, 103, 158}, {237, 184, 46, 133, 80, 5, 28, 129, 137, 238, 216, 33, 102, 48, 234, 174, 69, 233, 247, 6, 225, 169, 59, 197, 123, 142, 16, 24, 251, 226, 9, 202, 31, 144, 193, 105, 60, 188, 173, 124, 176, 165, 208, 10}, {54, 204, 72, 90, 157, 117, 68, 178, 154, 82, 195, 122, 47, 40, 79, 125, 81, 246, 100, 245, 214, 76, 199, 104, 17, 150, 203, 135, 96, 217, 146, 177, 94, 18, 222, 136, 227, 113, 143, 93, 61, 131, 111, 164}, {101, 20, 84, 23, 109, 74, 134, 159, 240, 127, 198, 194, 106, 56, 201, 180, 87, 91, 55, 162, 51, 66, 215, 73, 230, 206, 219, 183, 220, 151, 152, 138, 141, 2, 243, 97, 229, 1, 78, 63, 112, 92, 42, 130}, {85, 145, 192, 218, 235, 15, 242, 53, 189, 190, 241, 64, 29, 168, 213, 49, 172, 26, 160, 209, 140, 32, 200, 171, 25, 21, 11, 99, 175, 118, 196, 185, 182, 121, 43, 12, 253, 62, 186, 3, 221, 249, 163, 250, 232, 254, 108, 126, 114, 128, 86, 36, 149, 231}, {255, 83, 166, 52, 155, 244, 248, 187, 205, 27, 115, 13, 148, 223, 212, 110, 70, 119, 37, 170, 98, 14, 156, 191, 179, 252}, {89, 4, 224, 7, 71, 167, 39, 35, 58, 75}, {211, 116, 161, 65}, {0}]
buckets_g: [{19, 41}, {50, 210}, {34, 120, 77, 88, 45, 38, 95, 147}, {22, 236, 239, 158, 8, 30, 57, 44, 67, 207, 132, 153, 107, 181, 103, 228, 139}, {197, 9, 233, 193, 60, 48, 225, 69, 10, 6, 123, 31, 28, 234, 133, 33, 24, 226, 184, 129, 216, 59, 165, 137, 16, 208, 142, 169, 124, 174, 173, 247, 202, 102, 144, 105, 46, 237, 5, 238, 80, 176, 188, 251}, {131, 222, 68, 47, 143, 76, 157, 96, 227, 113, 204, 150, 177, 135, 178, 54, 40, 164, 245, 82, 217, 17, 136, 93, 154, 195, 199, 90, 104, 214, 246, 117, 111, 94, 81, 72, 125, 100, 61, 79, 18, 146, 203, 122}, {127, 230, 78, 92, 180, 219, 63, 51, 66, 73, 243, 159, 201, 240, 74, 106, 206, 138, 198, 151, 91, 220, 87, 183, 97, 152, 112, 20, 23, 109, 56, 130, 141, 2, 84, 162, 42, 55, 215, 101, 134, 229, 1, 194}, {149, 99, 231, 49, 253, 232, 126, 29, 163, 185, 26, 15, 241, 182, 242, 140, 36, 32, 172, 145, 171, 168, 209, 175, 121, 160, 196, 3, 43, 114, 64, 189, 108, 85, 186, 235, 86, 25, 128, 53, 118, 218, 12, 221, 11, 213, 62, 200, 249, 192, 21, 190, 250, 254}, {110, 27, 156, 37, 252, 244, 212, 83, 119, 155, 255, 223, 248, 170, 205, 115, 52, 70, 187, 179, 166, 13, 191, 98, 14, 148}, {58, 167, 89, 7, 4, 75, 39, 35, 224, 71}, {116, 211, 161, 65}, {0}]
indices_f: [11, 6, 6, 7, 9, 4, 4, 9, 3, 4, 4, 7, 7, 8, 8, 7, 4, 5, 5, 0, 6, 7, 3, 6, 4, 7, 7, 8, 4, 7, 3, 4, 7, 4, 2, 9, 7, 8, 2, 9, 5, 0, 6, 7, 3, 2, 4, 5, 4, 7, 1, 6, 8, 7, 5, 6, 6, 3, 9, 4, 4, 5, 7, 6, 7, 10, 6, 3, 5, 4, 8, 9, 5, 6, 6, 9, 5, 2, 6, 5, 4, 5, 5, 8, 6, 7, 7, 6, 2, 9, 5, 6, 6, 5, 5, 2, 5, 6, 8, 7, 5, 6, 4, 3, 5, 4, 6, 3, 7, 6, 8, 5, 6, 5, 7, 8, 10, 5, 7, 8, 2, 7, 5, 4, 4, 5, 7, 6, 7, 4, 6, 5, 3, 4, 6, 5, 5, 4, 6, 3, 7, 6, 4, 5, 4, 7, 5, 2, 8, 7, 5, 6, 6, 3, 5, 8, 8, 5, 3, 6, 7, 10, 6, 7, 5, 4, 8, 9, 7, 4, 8, 7, 7, 4, 4, 7, 4, 5, 5, 8, 6, 3, 7, 6, 4, 7, 7, 8, 4, 7, 7, 8, 7, 4, 6, 5, 7, 4, 6, 5, 7, 6, 4, 5, 5, 8, 6, 3, 4, 7, 1, 10, 8, 7, 5, 6, 4, 5, 7, 6, 6, 7, 5, 8, 9, 4, 4, 5, 3, 6, 6, 7, 7, 4, 4, 7, 3, 4, 4, 3, 6, 7, 7, 6, 8, 5, 5, 4, 8, 7, 7, 4, 8, 7, 7, 8]
indices_g: [11, 6, 6, 7, 9, 4, 4, 9, 3, 4, 4, 7, 7, 8, 8, 7, 4, 5, 5, 0, 6, 7, 3, 6, 4, 7, 7, 8, 4, 7, 3, 4, 7, 4, 2, 9, 7, 8, 2, 9, 5, 0, 6, 7, 3, 2, 4, 5, 4, 7, 1, 6, 8, 7, 5, 6, 6, 3, 9, 4, 4, 5, 7, 6, 7, 10, 6, 3, 5, 4, 8, 9, 5, 6, 6, 9, 5, 2, 6, 5, 4, 5, 5, 8, 6, 7, 7, 6, 2, 9, 5, 6, 6, 5, 5, 2, 5, 6, 8, 7, 5, 6, 4, 3, 5, 4, 6, 3, 7, 6, 8, 5, 6, 5, 7, 8, 10, 5, 7, 8, 2, 7, 5, 4, 4, 5, 7, 6, 7, 4, 6, 5, 3, 4, 6, 5, 5, 4, 6, 3, 7, 6, 4, 5, 4, 7, 5, 2, 8, 7, 5, 6, 6, 3, 5, 8, 8, 5, 3, 6, 7, 10, 6, 7, 5, 4, 8, 9, 7, 4, 8, 7, 7, 4, 4, 7, 4, 5, 5, 8, 6, 3, 7, 6, 4, 7, 7, 8, 4, 7, 7, 8, 7, 4, 6, 5, 7, 4, 6, 5, 7, 6, 4, 5, 5, 8, 6, 3, 4, 7, 1, 10, 8, 7, 5, 6, 4, 5, 7, 6, 6, 7, 5, 8, 9, 4, 4, 5, 3, 6, 6, 7, 7, 4, 4, 7, 3, 4, 4, 3, 6, 7, 7, 6, 8, 5, 5, 4, 8, 7, 7, 4, 8, 7, 7, 8]
buckets are valid
L1: [0, 1, 2, 3, 4, 5, 6, 7, 8, 9, 10, 11, 12, 13, 14, 15, 16, 17, 18, 19, 20, 21, 22, 23, 24, 25, 26, 27, 28, 29, 30, 31, 32, 33, 34, 35, 36, 37, 38, 39, 40, 41, 42, 43, 44, 45, 46, 47, 48, 49, 50, 51, 52, 53, 54, 55, 56, 57, 58, 59, 60, 61, 62, 63, 64, 65, 66, 67, 68, 69, 70, 71, 72, 73, 74, 75, 76, 77, 78, 79, 80, 81, 82, 83, 84, 85, 86, 87, 88, 89, 90, 91, 92, 93, 94, 95, 96, 97, 98, 99, 100, 101, 102, 103, 104, 105, 106, 107, 108, 109, 110, 111, 112, 113, 114, 115, 116, 117, 118, 119, 120, 121, 122, 123, 124, 125, 126, 127, 128, 129, 130, 131, 132, 133, 134, 135, 136, 137, 138, 139, 140, 141, 142, 143, 144, 145, 146, 147, 148, 149, 150, 151, 152, 153, 154, 155, 156, 157, 158, 159, 160, 161, 162, 163, 164, 165, 166, 167, 168, 169, 170, 171, 172, 173, 174, 175, 176, 177, 178, 179, 180, 181, 182, 183, 184, 185, 186, 187, 188, 189, 190, 191, 192, 193, 194, 195, 196, 197, 198, 199, 200, 201, 202, 203, 204, 205, 206, 207, 208, 209, 210, 211, 212, 213, 214, 215, 216, 217, 218, 219, 220, 221, 222, 223, 224, 225, 226, 227, 228, 229, 230, 231, 232, 233, 234, 235, 236, 237, 238, 239, 240, 241, 242, 243, 244, 245, 246, 247, 248, 249, 250, 251, 252, 253, 254, 255]
L2: [0, 1, 2, 3, 4, 5, 6, 7, 8, 9, 10, 11, 12, 13, 14, 15, 16, 17, 18, 19, 20, 21, 22, 23, 24, 25, 26, 27, 28, 29, 30, 31, 32, 33, 34, 35, 36, 37, 38, 39, 40, 41, 42, 43, 44, 45, 46, 47, 48, 49, 50, 51, 52, 53, 54, 55, 56, 57, 58, 59, 60, 61, 62, 63, 64, 65, 66, 67, 68, 69, 70, 71, 72, 73, 74, 75, 76, 77, 78, 79, 80, 81, 82, 83, 84, 85, 86, 87, 88, 89, 90, 91, 92, 93, 94, 95, 96, 97, 98, 99, 100, 101, 102, 103, 104, 105, 106, 107, 108, 109, 110, 111, 112, 113, 114, 115, 116, 117, 118, 119, 120, 121, 122, 123, 124, 125, 126, 127, 128, 129, 130, 131, 132, 133, 134, 135, 136, 137, 138, 139, 140, 141, 142, 143, 144, 145, 146, 147, 148, 149, 150, 151, 152, 153, 154, 155, 156, 157, 158, 159, 160, 161, 162, 163, 164, 165, 166, 167, 168, 169, 170, 171, 172, 173, 174, 175, 176, 177, 178, 179, 180, 181, 182, 183, 184, 185, 186, 187, 188, 189, 190, 191, 192, 193, 194, 195, 196, 197, 198, 199, 200, 201, 202, 203, 204, 205, 206, 207, 208, 209, 210, 211, 212, 213, 214, 215, 216, 217, 218, 219, 220, 221, 222, 223, 224, 225, 226, 227, 228, 229, 230, 231, 232, 233, 234, 235, 236, 237, 238, 239, 240, 241, 242, 243, 244, 245, 246, 247, 248, 249, 250, 251, 252, 253, 254, 255]
A: [0, 0, 0, 0, 0, 0, 0, 0, 0, 0, 0, 0, 0, 0, 0, 0, 0, 0, 0, 0, 0, 0, 0, 0, 0, 0, 0, 0, 0, 0, 0, 0, 0, 0, 0, 0, 0, 0, 0, 0, 0, 0, 0, 0, 0, 0, 0, 0, 0, 0, 0, 0, 0, 0, 0, 0, 0, 0, 0, 0, 0, 0, 0, 0, 0, 0, 0, 0, 0, 0, 0, 0, 0, 0, 0, 0, 0, 0, 0, 0, 0, 0, 0, 0, 0, 0, 0, 0, 0, 0, 0, 0, 0, 0, 0, 0, 0, 0, 0, 0, 0, 0, 0, 0, 0, 0, 0, 0, 0, 0, 0, 0, 0, 0, 0, 0, 0, 0, 0, 0, 0, 0, 0, 0, 0, 0, 0, 0, 0, 0, 0, 0, 0, 0, 0, 0, 0, 0, 0, 0, 0, 0, 0, 0, 0, 0, 0, 0, 0, 0, 0, 0, 0, 0, 0, 0, 0, 0, 0, 0, 0, 0, 0, 0, 0, 0, 0, 0, 0, 0, 0, 0, 0, 0, 0, 0, 0, 0, 0, 0, 0, 0, 0, 0, 0, 0, 0, 0, 0, 0, 0, 0, 0, 0, 0, 0, 0, 0, 0, 0, 0, 0, 0, 0, 0, 0, 0, 0, 0, 0, 0, 0, 0, 0, 0, 0, 0, 0, 0, 0, 0, 0, 0, 0, 0, 0, 0, 0, 0, 0, 0, 0, 0, 0, 0, 0, 0, 0, 0, 0, 0, 0, 0, 0, 0, 0, 0, 0, 0, 0, 0, 0, 0, 0, 0, 0]


