path: all/yuyin_8_7372.tt
path: all/yuyin_8_7372.tt
buckets_f: [{96}, {157}, {194, 250}, {55, 9, 137, 77, 19, 60, 205, 37, 2}, {136, 8, 33, 159, 229, 59, 74, 61, 127, 41, 83, 141, 213, 146, 102}, {67, 135, 125, 123, 231, 220, 70, 12, 32, 155, 171, 195, 206, 50, 149, 234, 165, 254, 144, 228, 217, 27, 49, 97, 236, 183, 177, 233, 243, 52, 120, 105, 138, 38, 40, 112, 57, 10, 158, 46, 82, 103, 218, 45}, {207, 88, 134, 208, 6, 66, 79, 28, 249, 167, 182, 128, 179, 131, 94, 242, 31, 187, 99, 124, 86, 68, 109, 25, 169, 11, 255, 17, 51, 139, 176, 13, 151, 71, 238, 222, 201, 85, 202, 153, 14, 113, 224, 56}, {89, 90, 29, 43, 198, 30, 253, 84, 239, 24, 180, 117, 1, 140, 126, 197, 75, 223, 118, 58, 22, 4, 245, 240, 192, 191, 16, 63, 87, 166, 95, 209, 152, 108, 64, 185, 188, 150, 98, 225, 72, 81, 168, 143}, {34, 193, 133, 26, 73, 184, 247, 114, 170, 252, 3, 104, 196, 107, 62, 189, 54, 204, 39, 232, 241, 154, 221, 142, 161, 175, 110, 93, 76, 219, 156, 145, 227, 101, 181, 20, 216, 211, 65, 5, 44, 47, 244, 235, 237, 148, 172, 230, 164, 199, 162, 116, 119, 190, 214}, {200, 178, 92, 248, 21, 129, 78, 212, 251, 215, 100, 210, 69, 186, 174, 147, 160, 130, 7, 226, 203, 173, 15, 35, 163, 106, 111}, {121, 18, 36, 91, 48, 23, 122, 42, 80, 53}, {115, 246, 132}, {0}]
buckets_g: [{96}, {157}, {194, 250}, {9, 137, 37, 55, 77, 2, 60, 205, 19}, {229, 146, 41, 74, 8, 159, 213, 141, 102, 127, 33, 136, 61, 83, 59}, {82, 218, 32, 158, 243, 123, 125, 183, 46, 206, 217, 228, 40, 155, 171, 234, 233, 70, 52, 12, 120, 165, 45, 254, 195, 97, 144, 220, 138, 10, 38, 112, 57, 50, 49, 236, 177, 105, 231, 103, 135, 27, 149, 67}, {14, 169, 51, 99, 17, 6, 255, 202, 201, 31, 88, 187, 85, 11, 249, 94, 238, 207, 139, 113, 71, 242, 56, 13, 86, 182, 128, 134, 79, 109, 28, 179, 151, 176, 167, 224, 68, 222, 124, 131, 66, 153, 25, 208}, {87, 126, 166, 63, 29, 22, 75, 24, 245, 185, 84, 64, 191, 168, 150, 98, 72, 95, 16, 118, 240, 108, 140, 89, 239, 30, 223, 225, 143, 81, 198, 209, 197, 43, 188, 253, 1, 4, 152, 90, 117, 58, 192, 180}, {145, 101, 237, 235, 142, 211, 241, 20, 170, 73, 219, 196, 47, 148, 39, 230, 162, 114, 204, 65, 244, 181, 252, 164, 221, 247, 116, 190, 110, 5, 154, 119, 189, 227, 172, 184, 62, 93, 133, 232, 156, 26, 175, 44, 54, 104, 34, 214, 216, 161, 107, 76, 199, 3, 193}, {106, 186, 15, 210, 35, 21, 251, 160, 129, 248, 200, 212, 215, 100, 78, 130, 163, 178, 173, 203, 111, 226, 147, 174, 92, 7, 69}, {18, 48, 23, 91, 53, 121, 42, 80, 122, 36}, {246, 132, 115}, {0}]
indices_f: [12, 7, 3, 8, 7, 8, 6, 9, 4, 3, 5, 6, 5, 6, 6, 9, 7, 6, 10, 3, 8, 9, 7, 10, 7, 6, 8, 5, 6, 7, 7, 6, 5, 4, 8, 9, 10, 3, 5, 8, 5, 4, 10, 7, 8, 5, 5, 8, 10, 5, 5, 6, 5, 10, 8, 3, 6, 5, 7, 4, 3, 4, 8, 7, 7, 8, 6, 5, 6, 9, 5, 6, 7, 8, 4, 7, 8, 3, 9, 6, 10, 7, 5, 4, 7, 6, 6, 7, 6, 7, 7, 10, 9, 8, 6, 7, 0, 5, 7, 6, 9, 8, 4, 5, 8, 5, 9, 8, 7, 6, 8, 9, 5, 6, 8, 11, 8, 7, 7, 8, 5, 10, 10, 5, 6, 5, 7, 4, 6, 9, 9, 6, 11, 8, 6, 5, 4, 3, 5, 6, 7, 4, 8, 7, 5, 8, 4, 9, 8, 5, 7, 6, 7, 6, 8, 5, 8, 1, 5, 4, 9, 8, 8, 9, 8, 5, 7, 6, 7, 6, 8, 5, 8, 9, 9, 8, 6, 5, 9, 6, 7, 8, 6, 5, 8, 7, 9, 6, 7, 8, 8, 7, 7, 8, 2, 5, 8, 7, 7, 8, 9, 6, 6, 9, 8, 3, 5, 6, 6, 7, 9, 8, 9, 4, 8, 9, 8, 5, 5, 8, 5, 8, 6, 7, 6, 7, 9, 8, 5, 4, 8, 5, 8, 5, 5, 8, 5, 8, 6, 7, 7, 8, 6, 5, 8, 7, 11, 8, 9, 6, 2, 9, 8, 7, 5, 6]
indices_g: [12, 7, 3, 8, 7, 8, 6, 9, 4, 3, 5, 6, 5, 6, 6, 9, 7, 6, 10, 3, 8, 9, 7, 10, 7, 6, 8, 5, 6, 7, 7, 6, 5, 4, 8, 9, 10, 3, 5, 8, 5, 4, 10, 7, 8, 5, 5, 8, 10, 5, 5, 6, 5, 10, 8, 3, 6, 5, 7, 4, 3, 4, 8, 7, 7, 8, 6, 5, 6, 9, 5, 6, 7, 8, 4, 7, 8, 3, 9, 6, 10, 7, 5, 4, 7, 6, 6, 7, 6, 7, 7, 10, 9, 8, 6, 7, 0, 5, 7, 6, 9, 8, 4, 5, 8, 5, 9, 8, 7, 6, 8, 9, 5, 6, 8, 11, 8, 7, 7, 8, 5, 10, 10, 5, 6, 5, 7, 4, 6, 9, 9, 6, 11, 8, 6, 5, 4, 3, 5, 6, 7, 4, 8, 7, 5, 8, 4, 9, 8, 5, 7, 6, 7, 6, 8, 5, 8, 1, 5, 4, 9, 8, 8, 9, 8, 5, 7, 6, 7, 6, 8, 5, 8, 9, 9, 8, 6, 5, 9, 6, 7, 8, 6, 5, 8, 7, 9, 6, 7, 8, 8, 7, 7, 8, 2, 5, 8, 7, 7, 8, 9, 6, 6, 9, 8, 3, 5, 6, 6, 7, 9, 8, 9, 4, 8, 9, 8, 5, 5, 8, 5, 8, 6, 7, 6, 7, 9, 8, 5, 4, 8, 5, 8, 5, 5, 8, 5, 8, 6, 7, 7, 8, 6, 5, 8, 7, 11, 8, 9, 6, 2, 9, 8, 7, 5, 6]
buckets are valid
L1: [0, 1, 2, 3, 4, 5, 6, 7, 8, 9, 10, 11, 12, 13, 14, 15, 16, 17, 18, 19, 20, 21, 22, 23, 24, 25, 26, 27, 28, 29, 30, 31, 32, 33, 34, 35, 36, 37, 38, 39, 40, 41, 42, 43, 44, 45, 46, 47, 48, 49, 50, 51, 52, 53, 54, 55, 56, 57, 58, 59, 60, 61, 62, 63, 64, 65, 66, 67, 68, 69, 70, 71, 72, 73, 74, 75, 76, 77, 78, 79, 80, 81, 82, 83, 84, 85, 86, 87, 88, 89, 90, 91, 92, 93, 94, 95, 96, 97, 98, 99, 100, 101, 102, 103, 104, 105, 106, 107, 108, 109, 110, 111, 112, 113, 114, 115, 116, 117, 118, 119, 120, 121, 122, 123, 124, 125, 126, 127, 128, 129, 130, 131, 132, 133, 134, 135, 136, 137, 138, 139, 140, 141, 142, 143, 144, 145, 146, 147, 148, 149, 150, 151, 152, 153, 154, 155, 156, 157, 158, 159, 160, 161, 162, 163, 164, 165, 166, 167, 168, 169, 170, 171, 172, 173, 174, 175, 176, 177, 178, 179, 180, 181, 182, 183, 184, 185, 186, 187, 188, 189, 190, 191, 192, 193, 194, 195, 196, 197, 198, 199, 200, 201, 202, 203, 204, 205, 206, 207, 208, 209, 210, 211, 212, 213, 214, 215, 216, 217, 218, 219, 220, 221, 222, 223, 224, 225, 226, 227, 228, 229, 230, 231, 232, 233, 234, 235, 236, 237, 238, 239, 240, 241, 242, 243, 244, 245, 246, 247, 248, 249, 250, 251, 252, 253, 254, 255]
L2: [0, 1, 2, 3, 4, 5, 6, 7, 8, 9, 10, 11, 12, 13, 14, 15, 16, 17, 18, 19, 20, 21, 22, 23, 24, 25, 26, 27, 28, 29, 30, 31, 32, 33, 34, 35, 36, 37, 38, 39, 40, 41, 42, 43, 44, 45, 46, 47, 48, 49, 50, 51, 52, 53, 54, 55, 56, 57, 58, 59, 60, 61, 62, 63, 64, 65, 66, 67, 68, 69, 70, 71, 72, 73, 74, 75, 76, 77, 78, 79, 80, 81, 82, 83, 84, 85, 86, 87, 88, 89, 90, 91, 92, 93, 94, 95, 96, 97, 98, 99, 100, 101, 102, 103, 104, 105, 106, 107, 108, 109, 110, 111, 112, 113, 114, 115, 116, 117, 118, 119, 120, 121, 122, 123, 124, 125, 126, 127, 128, 129, 130, 131, 132, 133, 134, 135, 136, 137, 138, 139, 140, 141, 142, 143, 144, 145, 146, 147, 148, 149, 150, 151, 152, 153, 154, 155, 156, 157, 158, 159, 160, 161, 162, 163, 164, 165, 166, 167, 168, 169, 170, 171, 172, 173, 174, 175, 176, 177, 178, 179, 180, 181, 182, 183, 184, 185, 186, 187, 188, 189, 190, 191, 192, 193, 194, 195, 196, 197, 198, 199, 200, 201, 202, 203, 204, 205, 206, 207, 208, 209, 210, 211, 212, 213, 214, 215, 216, 217, 218, 219, 220, 221, 222, 223, 224, 225, 226, 227, 228, 229, 230, 231, 232, 233, 234, 235, 236, 237, 238, 239, 240, 241, 242, 243, 244, 245, 246, 247, 248, 249, 250, 251, 252, 253, 254, 255]
A: [0, 0, 0, 0, 0, 0, 0, 0, 0, 0, 0, 0, 0, 0, 0, 0, 0, 0, 0, 0, 0, 0, 0, 0, 0, 0, 0, 0, 0, 0, 0, 0, 0, 0, 0, 0, 0, 0, 0, 0, 0, 0, 0, 0, 0, 0, 0, 0, 0, 0, 0, 0, 0, 0, 0, 0, 0, 0, 0, 0, 0, 0, 0, 0, 0, 0, 0, 0, 0, 0, 0, 0, 0, 0, 0, 0, 0, 0, 0, 0, 0, 0, 0, 0, 0, 0, 0, 0, 0, 0, 0, 0, 0, 0, 0, 0, 0, 0, 0, 0, 0, 0, 0, 0, 0, 0, 0, 0, 0, 0, 0, 0, 0, 0, 0, 0, 0, 0, 0, 0, 0, 0, 0, 0, 0, 0, 0, 0, 0, 0, 0, 0, 0, 0, 0, 0, 0, 0, 0, 0, 0, 0, 0, 0, 0, 0, 0, 0, 0, 0, 0, 0, 0, 0, 0, 0, 0, 0, 0, 0, 0, 0, 0, 0, 0, 0, 0, 0, 0, 0, 0, 0, 0, 0, 0, 0, 0, 0, 0, 0, 0, 0, 0, 0, 0, 0, 0, 0, 0, 0, 0, 0, 0, 0, 0, 0, 0, 0, 0, 0, 0, 0, 0, 0, 0, 0, 0, 0, 0, 0, 0, 0, 0, 0, 0, 0, 0, 0, 0, 0, 0, 0, 0, 0, 0, 0, 0, 0, 0, 0, 0, 0, 0, 0, 0, 0, 0, 0, 0, 0, 0, 0, 0, 0, 0, 0, 0, 0, 0, 0, 0, 0, 0, 0, 0, 0]


