path: all/yuyin_8_2399.tt
path: all/yuyin_8_2399.tt
buckets_f: [{96}, {253, 110}, {139, 141, 255, 182, 90, 188, 194}, {16, 104, 198, 241, 82, 38, 163, 54, 28, 67, 49, 44, 147, 221, 178, 205, 45, 7, 132, 42}, {51, 34, 228, 217, 81, 239, 91, 118, 156, 183, 76, 31, 154, 167, 53, 254, 187, 196, 3, 21, 36, 41, 19, 207, 150, 124, 103, 212, 223, 77, 195, 113, 125, 40, 170, 47, 52, 197, 80}, {149, 127, 68, 162, 116, 159, 23, 10, 72, 58, 137, 85, 26, 12, 43, 169, 199, 179, 142, 202, 32, 234, 146, 115, 246, 231, 250, 95, 130, 152, 13, 208, 148, 69, 73, 79, 215, 153, 136, 33, 39, 83, 6, 66, 174, 168, 84, 55, 252, 209}, {35, 249, 189, 244, 46, 30, 15, 9, 4, 172, 106, 8, 134, 222, 155, 201, 57, 233, 62, 144, 140, 242, 75, 186, 206, 65, 122, 56, 200, 5, 161, 226, 71, 50, 119, 166, 18, 102, 64, 109, 171, 245, 151, 129, 211, 87, 108, 2, 232, 128}, {78, 218, 175, 220, 184, 192, 121, 180, 237, 105, 158, 203, 11, 89, 22, 224, 204, 60, 17, 88, 247, 240, 98, 191, 59, 133, 120, 214, 100, 225, 126, 1, 111, 181, 251, 193, 236, 29, 61, 165, 131, 94, 235, 230, 164, 48, 101, 114, 27, 143}, {138, 74, 112, 157, 37, 229, 93, 227, 243, 210, 216, 14, 213, 135, 176, 92, 63, 86, 177, 107, 70, 20, 123}, {99, 219, 190, 117}, {24, 160, 145, 173, 25, 248, 238}, {185}, {97}, {0}]
buckets_g: [{96}, {253, 110}, {90, 188, 182, 194, 141, 139, 255}, {163, 49, 38, 67, 147, 205, 45, 42, 221, 82, 44, 132, 28, 241, 16, 198, 178, 104, 54, 7}, {228, 113, 41, 76, 3, 167, 31, 196, 217, 223, 156, 19, 81, 91, 207, 51, 40, 52, 195, 124, 239, 125, 254, 150, 103, 34, 212, 77, 154, 183, 118, 53, 47, 187, 197, 80, 170, 36, 21}, {168, 209, 159, 32, 10, 202, 85, 142, 33, 55, 69, 68, 169, 179, 231, 83, 146, 162, 199, 95, 26, 137, 73, 174, 153, 66, 13, 79, 250, 6, 136, 130, 215, 84, 149, 43, 115, 252, 208, 72, 23, 116, 127, 246, 152, 12, 58, 234, 39, 148}, {119, 75, 8, 35, 155, 200, 206, 242, 144, 249, 186, 171, 166, 201, 4, 140, 109, 71, 15, 161, 5, 56, 244, 172, 9, 233, 50, 122, 87, 128, 232, 102, 2, 129, 106, 134, 62, 222, 18, 151, 64, 189, 245, 65, 46, 57, 30, 226, 108, 211}, {60, 78, 193, 17, 131, 225, 114, 220, 126, 88, 247, 120, 230, 181, 100, 203, 235, 48, 164, 191, 133, 240, 1, 105, 111, 11, 98, 175, 204, 237, 236, 27, 218, 94, 192, 214, 165, 224, 61, 158, 121, 89, 29, 22, 251, 59, 184, 143, 180, 101}, {176, 107, 123, 227, 37, 210, 92, 213, 63, 14, 93, 86, 243, 112, 229, 70, 138, 157, 20, 177, 135, 216, 74}, {190, 219, 117, 99}, {238, 25, 160, 24, 173, 145, 248}, {185}, {97}, {0}]
indices_f: [13, 7, 6, 4, 6, 6, 5, 3, 6, 6, 5, 7, 5, 5, 8, 6, 3, 7, 6, 4, 8, 4, 7, 5, 10, 10, 5, 7, 3, 7, 6, 4, 5, 5, 4, 6, 4, 8, 3, 5, 4, 4, 3, 5, 3, 3, 6, 4, 7, 3, 6, 4, 4, 4, 3, 5, 6, 6, 5, 7, 7, 7, 6, 8, 6, 6, 5, 3, 5, 5, 8, 6, 5, 5, 8, 6, 4, 4, 7, 5, 4, 4, 3, 5, 5, 5, 8, 6, 7, 7, 2, 4, 8, 8, 7, 5, 0, 12, 7, 9, 7, 7, 6, 4, 3, 7, 6, 8, 6, 6, 1, 7, 8, 4, 7, 5, 5, 9, 4, 6, 7, 7, 6, 8, 4, 4, 7, 5, 6, 6, 5, 7, 3, 7, 6, 8, 5, 5, 8, 2, 6, 2, 5, 7, 6, 10, 5, 3, 5, 5, 4, 6, 5, 5, 4, 6, 4, 8, 7, 5, 10, 6, 5, 3, 7, 7, 6, 4, 5, 5, 4, 6, 6, 10, 5, 7, 8, 8, 3, 5, 7, 7, 2, 4, 7, 11, 6, 4, 2, 6, 9, 7, 7, 7, 2, 4, 4, 4, 3, 5, 6, 6, 5, 7, 7, 3, 6, 4, 5, 5, 8, 6, 4, 8, 7, 5, 8, 4, 7, 9, 7, 3, 6, 4, 7, 7, 6, 8, 4, 8, 7, 5, 6, 6, 5, 7, 7, 7, 10, 4, 7, 3, 6, 8, 6, 6, 5, 7, 10, 6, 5, 7, 5, 1, 4, 2]
indices_g: [13, 7, 6, 4, 6, 6, 5, 3, 6, 6, 5, 7, 5, 5, 8, 6, 3, 7, 6, 4, 8, 4, 7, 5, 10, 10, 5, 7, 3, 7, 6, 4, 5, 5, 4, 6, 4, 8, 3, 5, 4, 4, 3, 5, 3, 3, 6, 4, 7, 3, 6, 4, 4, 4, 3, 5, 6, 6, 5, 7, 7, 7, 6, 8, 6, 6, 5, 3, 5, 5, 8, 6, 5, 5, 8, 6, 4, 4, 7, 5, 4, 4, 3, 5, 5, 5, 8, 6, 7, 7, 2, 4, 8, 8, 7, 5, 0, 12, 7, 9, 7, 7, 6, 4, 3, 7, 6, 8, 6, 6, 1, 7, 8, 4, 7, 5, 5, 9, 4, 6, 7, 7, 6, 8, 4, 4, 7, 5, 6, 6, 5, 7, 3, 7, 6, 8, 5, 5, 8, 2, 6, 2, 5, 7, 6, 10, 5, 3, 5, 5, 4, 6, 5, 5, 4, 6, 4, 8, 7, 5, 10, 6, 5, 3, 7, 7, 6, 4, 5, 5, 4, 6, 6, 10, 5, 7, 8, 8, 3, 5, 7, 7, 2, 4, 7, 11, 6, 4, 2, 6, 9, 7, 7, 7, 2, 4, 4, 4, 3, 5, 6, 6, 5, 7, 7, 3, 6, 4, 5, 5, 8, 6, 4, 8, 7, 5, 8, 4, 7, 9, 7, 3, 6, 4, 7, 7, 6, 8, 4, 8, 7, 5, 6, 6, 5, 7, 7, 7, 10, 4, 7, 3, 6, 8, 6, 6, 5, 7, 10, 6, 5, 7, 5, 1, 4, 2]
buckets are valid
L1: [0, 1, 2, 3, 4, 5, 6, 7, 8, 9, 10, 11, 12, 13, 14, 15, 16, 17, 18, 19, 20, 21, 22, 23, 24, 25, 26, 27, 28, 29, 30, 31, 32, 33, 34, 35, 36, 37, 38, 39, 40, 41, 42, 43, 44, 45, 46, 47, 48, 49, 50, 51, 52, 53, 54, 55, 56, 57, 58, 59, 60, 61, 62, 63, 64, 65, 66, 67, 68, 69, 70, 71, 72, 73, 74, 75, 76, 77, 78, 79, 80, 81, 82, 83, 84, 85, 86, 87, 88, 89, 90, 91, 92, 93, 94, 95, 96, 97, 98, 99, 100, 101, 102, 103, 104, 105, 106, 107, 108, 109, 110, 111, 112, 113, 114, 115, 116, 117, 118, 119, 120, 121, 122, 123, 124, 125, 126, 127, 128, 129, 130, 131, 132, 133, 134, 135, 136, 137, 138, 139, 140, 141, 142, 143, 144, 145, 146, 147, 148, 149, 150, 151, 152, 153, 154, 155, 156, 157, 158, 159, 160, 161, 162, 163, 164, 165, 166, 167, 168, 169, 170, 171, 172, 173, 174, 175, 176, 177, 178, 179, 180, 181, 182, 183, 184, 185, 186, 187, 188, 189, 190, 191, 192, 193, 194, 195, 196, 197, 198, 199, 200, 201, 202, 203, 204, 205, 206, 207, 208, 209, 210, 211, 212, 213, 214, 215, 216, 217, 218, 219, 220, 221, 222, 223, 224, 225, 226, 227, 228, 229, 230, 231, 232, 233, 234, 235, 236, 237, 238, 239, 240, 241, 242, 243, 244, 245, 246, 247, 248, 249, 250, 251, 252, 253, 254, 255]
L2: [0, 1, 2, 3, 4, 5, 6, 7, 8, 9, 10, 11, 12, 13, 14, 15, 16, 17, 18, 19, 20, 21, 22, 23, 24, 25, 26, 27, 28, 29, 30, 31, 32, 33, 34, 35, 36, 37, 38, 39, 40, 41, 42, 43, 44, 45, 46, 47, 48, 49, 50, 51, 52, 53, 54, 55, 56, 57, 58, 59, 60, 61, 62, 63, 64, 65, 66, 67, 68, 69, 70, 71, 72, 73, 74, 75, 76, 77, 78, 79, 80, 81, 82, 83, 84, 85, 86, 87, 88, 89, 90, 91, 92, 93, 94, 95, 96, 97, 98, 99, 100, 101, 102, 103, 104, 105, 106, 107, 108, 109, 110, 111, 112, 113, 114, 115, 116, 117, 118, 119, 120, 121, 122, 123, 124, 125, 126, 127, 128, 129, 130, 131, 132, 133, 134, 135, 136, 137, 138, 139, 140, 141, 142, 143, 144, 145, 146, 147, 148, 149, 150, 151, 152, 153, 154, 155, 156, 157, 158, 159, 160, 161, 162, 163, 164, 165, 166, 167, 168, 169, 170, 171, 172, 173, 174, 175, 176, 177, 178, 179, 180, 181, 182, 183, 184, 185, 186, 187, 188, 189, 190, 191, 192, 193, 194, 195, 196, 197, 198, 199, 200, 201, 202, 203, 204, 205, 206, 207, 208, 209, 210, 211, 212, 213, 214, 215, 216, 217, 218, 219, 220, 221, 222, 223, 224, 225, 226, 227, 228, 229, 230, 231, 232, 233, 234, 235, 236, 237, 238, 239, 240, 241, 242, 243, 244, 245, 246, 247, 248, 249, 250, 251, 252, 253, 254, 255]
A: [0, 0, 0, 0, 0, 0, 0, 0, 0, 0, 0, 0, 0, 0, 0, 0, 0, 0, 0, 0, 0, 0, 0, 0, 0, 0, 0, 0, 0, 0, 0, 0, 0, 0, 0, 0, 0, 0, 0, 0, 0, 0, 0, 0, 0, 0, 0, 0, 0, 0, 0, 0, 0, 0, 0, 0, 0, 0, 0, 0, 0, 0, 0, 0, 0, 0, 0, 0, 0, 0, 0, 0, 0, 0, 0, 0, 0, 0, 0, 0, 0, 0, 0, 0, 0, 0, 0, 0, 0, 0, 0, 0, 0, 0, 0, 0, 0, 0, 0, 0, 0, 0, 0, 0, 0, 0, 0, 0, 0, 0, 0, 0, 0, 0, 0, 0, 0, 0, 0, 0, 0, 0, 0, 0, 0, 0, 0, 0, 0, 0, 0, 0, 0, 0, 0, 0, 0, 0, 0, 0, 0, 0, 0, 0, 0, 0, 0, 0, 0, 0, 0, 0, 0, 0, 0, 0, 0, 0, 0, 0, 0, 0, 0, 0, 0, 0, 0, 0, 0, 0, 0, 0, 0, 0, 0, 0, 0, 0, 0, 0, 0, 0, 0, 0, 0, 0, 0, 0, 0, 0, 0, 0, 0, 0, 0, 0, 0, 0, 0, 0, 0, 0, 0, 0, 0, 0, 0, 0, 0, 0, 0, 0, 0, 0, 0, 0, 0, 0, 0, 0, 0, 0, 0, 0, 0, 0, 0, 0, 0, 0, 0, 0, 0, 0, 0, 0, 0, 0, 0, 0, 0, 0, 0, 0, 0, 0, 0, 0, 0, 0, 0, 0, 0, 0, 0, 0]


