path: all/yuyin2_541.tt
path: all/yuyin2_541.tt
buckets_f: [{197, 86, 164}, {207, 146, 155, 69, 5, 225, 118, 85, 81, 90, 165, 105}, {20, 182, 158, 93, 126, 129, 51, 75, 13, 156, 11, 39, 104, 25, 253}, {143, 252, 57, 50, 245, 17, 250, 61, 127, 179, 188, 54, 231, 71, 112, 130, 183, 163, 144, 172, 190, 83, 234, 36, 141, 72, 123, 63, 221, 76, 203, 139, 184, 254, 229, 65, 30, 48, 227, 236}, {199, 191, 55, 49, 145, 152, 169, 185, 110, 77, 142, 193, 120, 80, 70, 244, 29, 122, 113, 255, 44, 60, 230, 204, 235, 106, 187, 103, 213, 68, 220, 27, 131, 2, 40, 246, 133, 239, 149, 6, 37, 135, 147, 82, 4, 53, 124, 22}, {1, 186, 217, 3, 174, 121, 102, 100, 10, 74, 24, 157, 150, 19, 247, 59, 134, 148, 168, 26, 109, 161, 14, 181, 201, 170, 194, 94, 223, 212, 137, 87, 219, 12, 214, 238, 98, 28, 208, 192, 34, 23, 52, 153, 45, 21, 88, 107}, {226, 140, 200, 202, 209, 79, 195, 151, 233, 16, 95, 215, 97, 206, 84, 228, 249, 136, 73, 180, 189, 117, 18, 240, 66, 62, 211, 160, 99, 251, 101, 115, 138, 171, 42, 9, 56, 89, 218, 35, 162, 33, 176, 119, 166, 154, 58, 224}, {159, 210, 32, 78, 241, 67, 47, 232, 177, 38, 41, 111, 128, 43, 132, 7, 92, 8, 125, 196, 243, 96, 116, 114}, {46, 91, 64, 237, 15, 216, 108, 222, 175, 173, 242, 178, 31}, {205, 248, 198, 167}, {0}]
buckets_g: [{197, 86, 164}, {207, 90, 165, 69, 225, 5, 155, 105, 118, 146, 81, 85}, {126, 11, 253, 182, 93, 156, 51, 158, 129, 25, 75, 39, 104, 20, 13}, {112, 188, 183, 17, 172, 179, 163, 254, 30, 123, 184, 234, 141, 36, 203, 130, 76, 245, 72, 65, 250, 139, 231, 57, 221, 83, 143, 71, 54, 227, 127, 48, 63, 61, 190, 144, 229, 50, 236, 252}, {131, 193, 230, 106, 122, 40, 213, 70, 44, 55, 191, 220, 27, 120, 82, 2, 147, 103, 77, 37, 239, 133, 204, 4, 113, 53, 124, 135, 110, 29, 185, 149, 80, 235, 6, 169, 187, 145, 142, 244, 246, 60, 152, 255, 49, 22, 199, 68}, {201, 148, 238, 223, 192, 168, 212, 247, 10, 52, 157, 24, 194, 19, 219, 134, 88, 59, 170, 100, 186, 208, 121, 26, 34, 28, 21, 12, 181, 3, 87, 150, 94, 174, 217, 1, 14, 109, 214, 137, 161, 98, 107, 153, 102, 23, 45, 74}, {166, 240, 16, 99, 171, 18, 195, 56, 200, 224, 117, 233, 211, 58, 115, 136, 151, 140, 89, 119, 202, 228, 209, 206, 162, 180, 249, 95, 35, 73, 154, 84, 97, 176, 251, 189, 79, 66, 218, 226, 33, 215, 42, 62, 101, 138, 160, 9}, {43, 111, 8, 128, 38, 47, 177, 67, 41, 32, 243, 92, 116, 196, 96, 7, 114, 132, 125, 159, 232, 210, 78, 241}, {173, 91, 108, 237, 242, 175, 15, 178, 222, 216, 31, 46, 64}, {248, 167, 198, 205}, {0}]
indices_f: [10, 5, 4, 5, 4, 1, 4, 7, 7, 6, 5, 2, 5, 2, 5, 8, 6, 3, 6, 5, 2, 5, 4, 5, 5, 2, 5, 4, 5, 4, 3, 8, 7, 6, 5, 6, 3, 4, 7, 2, 4, 7, 6, 7, 4, 5, 8, 7, 3, 4, 3, 2, 5, 4, 3, 4, 6, 3, 6, 5, 4, 3, 6, 3, 8, 3, 6, 7, 4, 1, 4, 3, 3, 6, 5, 2, 3, 4, 7, 6, 4, 1, 4, 3, 6, 1, 0, 5, 5, 6, 1, 8, 7, 2, 5, 6, 7, 6, 5, 6, 5, 6, 5, 4, 2, 1, 4, 5, 8, 5, 4, 7, 3, 4, 7, 6, 7, 6, 1, 6, 4, 5, 4, 3, 4, 7, 2, 3, 7, 2, 3, 4, 7, 4, 5, 4, 6, 5, 6, 3, 6, 3, 4, 3, 3, 4, 1, 4, 5, 4, 5, 6, 4, 5, 6, 1, 2, 5, 2, 7, 6, 5, 6, 3, 0, 1, 6, 9, 5, 4, 5, 6, 3, 8, 5, 8, 6, 7, 8, 3, 6, 5, 2, 3, 3, 4, 5, 4, 3, 6, 3, 4, 5, 4, 5, 6, 7, 0, 9, 4, 6, 5, 6, 3, 4, 9, 6, 1, 5, 6, 7, 6, 5, 4, 5, 6, 8, 5, 6, 5, 4, 3, 8, 5, 6, 1, 6, 3, 6, 3, 4, 3, 7, 6, 3, 4, 3, 8, 5, 4, 6, 7, 8, 7, 4, 3, 4, 5, 9, 6, 3, 6, 3, 2, 3, 4]
indices_g: [10, 5, 4, 5, 4, 1, 4, 7, 7, 6, 5, 2, 5, 2, 5, 8, 6, 3, 6, 5, 2, 5, 4, 5, 5, 2, 5, 4, 5, 4, 3, 8, 7, 6, 5, 6, 3, 4, 7, 2, 4, 7, 6, 7, 4, 5, 8, 7, 3, 4, 3, 2, 5, 4, 3, 4, 6, 3, 6, 5, 4, 3, 6, 3, 8, 3, 6, 7, 4, 1, 4, 3, 3, 6, 5, 2, 3, 4, 7, 6, 4, 1, 4, 3, 6, 1, 0, 5, 5, 6, 1, 8, 7, 2, 5, 6, 7, 6, 5, 6, 5, 6, 5, 4, 2, 1, 4, 5, 8, 5, 4, 7, 3, 4, 7, 6, 7, 6, 1, 6, 4, 5, 4, 3, 4, 7, 2, 3, 7, 2, 3, 4, 7, 4, 5, 4, 6, 5, 6, 3, 6, 3, 4, 3, 3, 4, 1, 4, 5, 4, 5, 6, 4, 5, 6, 1, 2, 5, 2, 7, 6, 5, 6, 3, 0, 1, 6, 9, 5, 4, 5, 6, 3, 8, 5, 8, 6, 7, 8, 3, 6, 5, 2, 3, 3, 4, 5, 4, 3, 6, 3, 4, 5, 4, 5, 6, 7, 0, 9, 4, 6, 5, 6, 3, 4, 9, 6, 1, 5, 6, 7, 6, 5, 4, 5, 6, 8, 5, 6, 5, 4, 3, 8, 5, 6, 1, 6, 3, 6, 3, 4, 3, 7, 6, 3, 4, 3, 8, 5, 4, 6, 7, 8, 7, 4, 3, 4, 5, 9, 6, 3, 6, 3, 2, 3, 4]
buckets are valid
L1: [0, 1, 2, 3, 4, 5, 6, 7, 8, 9, 10, 11, 12, 13, 14, 15, 16, 17, 18, 19, 20, 21, 22, 23, 24, 25, 26, 27, 28, 29, 30, 31, 32, 33, 34, 35, 36, 37, 38, 39, 40, 41, 42, 43, 44, 45, 46, 47, 48, 49, 50, 51, 52, 53, 54, 55, 56, 57, 58, 59, 60, 61, 62, 63, 64, 65, 66, 67, 68, 69, 70, 71, 72, 73, 74, 75, 76, 77, 78, 79, 80, 81, 82, 83, 84, 85, 86, 87, 88, 89, 90, 91, 92, 93, 94, 95, 96, 97, 98, 99, 100, 101, 102, 103, 104, 105, 106, 107, 108, 109, 110, 111, 112, 113, 114, 115, 116, 117, 118, 119, 120, 121, 122, 123, 124, 125, 126, 127, 128, 129, 130, 131, 132, 133, 134, 135, 136, 137, 138, 139, 140, 141, 142, 143, 144, 145, 146, 147, 148, 149, 150, 151, 152, 153, 154, 155, 156, 157, 158, 159, 160, 161, 162, 163, 164, 165, 166, 167, 168, 169, 170, 171, 172, 173, 174, 175, 176, 177, 178, 179, 180, 181, 182, 183, 184, 185, 186, 187, 188, 189, 190, 191, 192, 193, 194, 195, 196, 197, 198, 199, 200, 201, 202, 203, 204, 205, 206, 207, 208, 209, 210, 211, 212, 213, 214, 215, 216, 217, 218, 219, 220, 221, 222, 223, 224, 225, 226, 227, 228, 229, 230, 231, 232, 233, 234, 235, 236, 237, 238, 239, 240, 241, 242, 243, 244, 245, 246, 247, 248, 249, 250, 251, 252, 253, 254, 255]
L2: [0, 1, 2, 3, 4, 5, 6, 7, 8, 9, 10, 11, 12, 13, 14, 15, 16, 17, 18, 19, 20, 21, 22, 23, 24, 25, 26, 27, 28, 29, 30, 31, 32, 33, 34, 35, 36, 37, 38, 39, 40, 41, 42, 43, 44, 45, 46, 47, 48, 49, 50, 51, 52, 53, 54, 55, 56, 57, 58, 59, 60, 61, 62, 63, 64, 65, 66, 67, 68, 69, 70, 71, 72, 73, 74, 75, 76, 77, 78, 79, 80, 81, 82, 83, 84, 85, 86, 87, 88, 89, 90, 91, 92, 93, 94, 95, 96, 97, 98, 99, 100, 101, 102, 103, 104, 105, 106, 107, 108, 109, 110, 111, 112, 113, 114, 115, 116, 117, 118, 119, 120, 121, 122, 123, 124, 125, 126, 127, 128, 129, 130, 131, 132, 133, 134, 135, 136, 137, 138, 139, 140, 141, 142, 143, 144, 145, 146, 147, 148, 149, 150, 151, 152, 153, 154, 155, 156, 157, 158, 159, 160, 161, 162, 163, 164, 165, 166, 167, 168, 169, 170, 171, 172, 173, 174, 175, 176, 177, 178, 179, 180, 181, 182, 183, 184, 185, 186, 187, 188, 189, 190, 191, 192, 193, 194, 195, 196, 197, 198, 199, 200, 201, 202, 203, 204, 205, 206, 207, 208, 209, 210, 211, 212, 213, 214, 215, 216, 217, 218, 219, 220, 221, 222, 223, 224, 225, 226, 227, 228, 229, 230, 231, 232, 233, 234, 235, 236, 237, 238, 239, 240, 241, 242, 243, 244, 245, 246, 247, 248, 249, 250, 251, 252, 253, 254, 255]
A: [0, 0, 0, 0, 0, 0, 0, 0, 0, 0, 0, 0, 0, 0, 0, 0, 0, 0, 0, 0, 0, 0, 0, 0, 0, 0, 0, 0, 0, 0, 0, 0, 0, 0, 0, 0, 0, 0, 0, 0, 0, 0, 0, 0, 0, 0, 0, 0, 0, 0, 0, 0, 0, 0, 0, 0, 0, 0, 0, 0, 0, 0, 0, 0, 0, 0, 0, 0, 0, 0, 0, 0, 0, 0, 0, 0, 0, 0, 0, 0, 0, 0, 0, 0, 0, 0, 0, 0, 0, 0, 0, 0, 0, 0, 0, 0, 0, 0, 0, 0, 0, 0, 0, 0, 0, 0, 0, 0, 0, 0, 0, 0, 0, 0, 0, 0, 0, 0, 0, 0, 0, 0, 0, 0, 0, 0, 0, 0, 0, 0, 0, 0, 0, 0, 0, 0, 0, 0, 0, 0, 0, 0, 0, 0, 0, 0, 0, 0, 0, 0, 0, 0, 0, 0, 0, 0, 0, 0, 0, 0, 0, 0, 0, 0, 0, 0, 0, 0, 0, 0, 0, 0, 0, 0, 0, 0, 0, 0, 0, 0, 0, 0, 0, 0, 0, 0, 0, 0, 0, 0, 0, 0, 0, 0, 0, 0, 0, 0, 0, 0, 0, 0, 0, 0, 0, 0, 0, 0, 0, 0, 0, 0, 0, 0, 0, 0, 0, 0, 0, 0, 0, 0, 0, 0, 0, 0, 0, 0, 0, 0, 0, 0, 0, 0, 0, 0, 0, 0, 0, 0, 0, 0, 0, 0, 0, 0, 0, 0, 0, 0, 0, 0, 0, 0, 0, 0]


