path: all/yuyin_8_6053.tt
path: all/yuyin_8_6053.tt
buckets_f: [{97, 12}, {223, 243, 40}, {252, 22, 31, 167, 208, 180, 169, 163, 36, 201}, {148, 105, 147, 210, 54, 7, 38, 29, 207, 34, 56, 116, 238}, {130, 118, 71, 73, 1, 160, 117, 98, 230, 140, 222, 218, 68, 5, 6, 174, 176, 211, 225, 57, 87, 114, 155, 196, 84, 183, 136, 2, 74, 83, 202, 156, 232, 58, 205, 108, 48, 150}, {213, 203, 187, 49, 138, 144, 85, 91, 142, 103, 209, 13, 151, 188, 10, 158, 249, 153, 181, 9, 193, 110, 175, 237, 166, 81, 20, 47, 224, 109, 43, 162, 86, 23, 95, 63, 204, 92, 76, 131, 14, 88, 219, 50, 79, 25, 100, 82, 135, 44}, {61, 179, 52, 104, 190, 226, 102, 192, 45, 199, 89, 77, 62, 139, 55, 133, 229, 149, 248, 35, 39, 21, 245, 64, 46, 146, 159, 217, 124, 101, 94, 67, 185, 212, 236, 241, 120, 221, 78, 206, 173, 127, 28, 42, 32, 143, 123, 93, 41, 235}, {233, 137, 99, 37, 30, 53, 184, 119, 254, 165, 168, 72, 122, 250, 128, 132, 227, 194, 112, 191, 161, 244, 115, 4, 141, 177, 157, 240, 197, 228, 16, 66, 172, 59, 214, 126, 200, 154, 3, 125, 75, 65, 121, 216, 19, 106, 182, 220, 96, 33}, {24, 51, 113, 164, 189, 239, 111, 246, 15, 186, 80, 27, 134, 17, 195, 8, 11, 242, 215, 170, 145, 255, 18, 251}, {178, 253, 247, 231, 171, 198, 60, 70, 69, 234, 26}, {152, 107, 129, 90}, {0}]
buckets_g: [{97, 12}, {243, 40, 223}, {208, 36, 169, 167, 22, 31, 252, 201, 163, 180}, {210, 7, 56, 148, 38, 207, 147, 105, 116, 29, 54, 238, 34}, {108, 84, 155, 5, 230, 232, 87, 211, 71, 6, 58, 57, 98, 156, 183, 196, 1, 225, 68, 174, 117, 130, 176, 114, 83, 140, 150, 136, 2, 160, 218, 73, 74, 48, 222, 202, 205, 118}, {95, 103, 153, 187, 81, 166, 162, 49, 204, 188, 249, 25, 213, 76, 10, 144, 131, 203, 82, 86, 44, 151, 20, 175, 85, 110, 43, 158, 224, 193, 142, 14, 100, 92, 237, 209, 47, 138, 181, 63, 23, 9, 91, 135, 13, 88, 219, 50, 109, 79}, {61, 94, 55, 124, 212, 64, 41, 67, 241, 32, 185, 21, 245, 190, 192, 78, 89, 173, 102, 248, 143, 46, 146, 28, 159, 236, 52, 62, 226, 120, 199, 229, 123, 35, 127, 77, 101, 45, 179, 235, 149, 139, 42, 93, 221, 206, 39, 217, 104, 133}, {141, 122, 4, 119, 115, 65, 128, 184, 250, 197, 172, 240, 165, 254, 126, 154, 191, 121, 216, 33, 30, 106, 161, 194, 200, 16, 59, 3, 228, 137, 182, 220, 168, 72, 37, 125, 53, 99, 132, 19, 233, 177, 227, 75, 96, 157, 112, 244, 214, 66}, {15, 215, 27, 170, 242, 51, 246, 255, 186, 239, 134, 24, 8, 18, 17, 189, 195, 164, 111, 11, 251, 145, 80, 113}, {69, 247, 198, 60, 171, 178, 253, 231, 26, 70, 234}, {152, 90, 107, 129}, {0}]
indices_f: [11, 4, 4, 7, 7, 4, 4, 3, 8, 5, 5, 8, 0, 5, 5, 8, 7, 8, 8, 7, 5, 6, 2, 5, 8, 5, 9, 8, 6, 3, 7, 2, 6, 7, 3, 6, 2, 7, 3, 6, 1, 6, 6, 5, 5, 6, 6, 5, 4, 5, 5, 8, 6, 7, 3, 6, 3, 4, 4, 7, 9, 6, 6, 5, 6, 7, 7, 6, 4, 9, 9, 4, 7, 4, 4, 7, 5, 6, 6, 5, 8, 5, 5, 4, 4, 5, 5, 4, 5, 6, 10, 5, 5, 6, 6, 5, 7, 0, 4, 7, 5, 6, 6, 5, 6, 3, 7, 10, 4, 5, 5, 8, 7, 8, 4, 7, 3, 4, 4, 7, 6, 7, 7, 6, 6, 7, 7, 6, 7, 10, 4, 5, 7, 6, 8, 5, 4, 7, 5, 6, 4, 7, 5, 6, 5, 8, 6, 3, 3, 6, 4, 5, 10, 5, 7, 4, 4, 7, 5, 6, 4, 7, 5, 2, 8, 7, 5, 2, 7, 2, 8, 9, 7, 6, 4, 5, 4, 7, 9, 6, 2, 5, 7, 4, 7, 6, 8, 5, 5, 8, 6, 7, 6, 5, 7, 8, 4, 7, 9, 6, 7, 2, 4, 5, 5, 4, 6, 3, 2, 5, 3, 4, 6, 5, 7, 8, 7, 6, 4, 5, 7, 6, 4, 1, 5, 4, 6, 7, 7, 6, 4, 9, 4, 7, 9, 6, 6, 5, 3, 8, 7, 6, 8, 1, 7, 6, 8, 9, 6, 5, 7, 8, 2, 9, 7, 8]
indices_g: [11, 4, 4, 7, 7, 4, 4, 3, 8, 5, 5, 8, 0, 5, 5, 8, 7, 8, 8, 7, 5, 6, 2, 5, 8, 5, 9, 8, 6, 3, 7, 2, 6, 7, 3, 6, 2, 7, 3, 6, 1, 6, 6, 5, 5, 6, 6, 5, 4, 5, 5, 8, 6, 7, 3, 6, 3, 4, 4, 7, 9, 6, 6, 5, 6, 7, 7, 6, 4, 9, 9, 4, 7, 4, 4, 7, 5, 6, 6, 5, 8, 5, 5, 4, 4, 5, 5, 4, 5, 6, 10, 5, 5, 6, 6, 5, 7, 0, 4, 7, 5, 6, 6, 5, 6, 3, 7, 10, 4, 5, 5, 8, 7, 8, 4, 7, 3, 4, 4, 7, 6, 7, 7, 6, 6, 7, 7, 6, 7, 10, 4, 5, 7, 6, 8, 5, 4, 7, 5, 6, 4, 7, 5, 6, 5, 8, 6, 3, 3, 6, 4, 5, 10, 5, 7, 4, 4, 7, 5, 6, 4, 7, 5, 2, 8, 7, 5, 2, 7, 2, 8, 9, 7, 6, 4, 5, 4, 7, 9, 6, 2, 5, 7, 4, 7, 6, 8, 5, 5, 8, 6, 7, 6, 5, 7, 8, 4, 7, 9, 6, 7, 2, 4, 5, 5, 4, 6, 3, 2, 5, 3, 4, 6, 5, 7, 8, 7, 6, 4, 5, 7, 6, 4, 1, 5, 4, 6, 7, 7, 6, 4, 9, 4, 7, 9, 6, 6, 5, 3, 8, 7, 6, 8, 1, 7, 6, 8, 9, 6, 5, 7, 8, 2, 9, 7, 8]
buckets are valid
L1: [0, 1, 2, 3, 4, 5, 6, 7, 8, 9, 10, 11, 12, 13, 14, 15, 16, 17, 18, 19, 20, 21, 22, 23, 24, 25, 26, 27, 28, 29, 30, 31, 32, 33, 34, 35, 36, 37, 38, 39, 40, 41, 42, 43, 44, 45, 46, 47, 48, 49, 50, 51, 52, 53, 54, 55, 56, 57, 58, 59, 60, 61, 62, 63, 64, 65, 66, 67, 68, 69, 70, 71, 72, 73, 74, 75, 76, 77, 78, 79, 80, 81, 82, 83, 84, 85, 86, 87, 88, 89, 90, 91, 92, 93, 94, 95, 96, 97, 98, 99, 100, 101, 102, 103, 104, 105, 106, 107, 108, 109, 110, 111, 112, 113, 114, 115, 116, 117, 118, 119, 120, 121, 122, 123, 124, 125, 126, 127, 128, 129, 130, 131, 132, 133, 134, 135, 136, 137, 138, 139, 140, 141, 142, 143, 144, 145, 146, 147, 148, 149, 150, 151, 152, 153, 154, 155, 156, 157, 158, 159, 160, 161, 162, 163, 164, 165, 166, 167, 168, 169, 170, 171, 172, 173, 174, 175, 176, 177, 178, 179, 180, 181, 182, 183, 184, 185, 186, 187, 188, 189, 190, 191, 192, 193, 194, 195, 196, 197, 198, 199, 200, 201, 202, 203, 204, 205, 206, 207, 208, 209, 210, 211, 212, 213, 214, 215, 216, 217, 218, 219, 220, 221, 222, 223, 224, 225, 226, 227, 228, 229, 230, 231, 232, 233, 234, 235, 236, 237, 238, 239, 240, 241, 242, 243, 244, 245, 246, 247, 248, 249, 250, 251, 252, 253, 254, 255]
L2: [0, 1, 2, 3, 4, 5, 6, 7, 8, 9, 10, 11, 12, 13, 14, 15, 16, 17, 18, 19, 20, 21, 22, 23, 24, 25, 26, 27, 28, 29, 30, 31, 32, 33, 34, 35, 36, 37, 38, 39, 40, 41, 42, 43, 44, 45, 46, 47, 48, 49, 50, 51, 52, 53, 54, 55, 56, 57, 58, 59, 60, 61, 62, 63, 64, 65, 66, 67, 68, 69, 70, 71, 72, 73, 74, 75, 76, 77, 78, 79, 80, 81, 82, 83, 84, 85, 86, 87, 88, 89, 90, 91, 92, 93, 94, 95, 96, 97, 98, 99, 100, 101, 102, 103, 104, 105, 106, 107, 108, 109, 110, 111, 112, 113, 114, 115, 116, 117, 118, 119, 120, 121, 122, 123, 124, 125, 126, 127, 128, 129, 130, 131, 132, 133, 134, 135, 136, 137, 138, 139, 140, 141, 142, 143, 144, 145, 146, 147, 148, 149, 150, 151, 152, 153, 154, 155, 156, 157, 158, 159, 160, 161, 162, 163, 164, 165, 166, 167, 168, 169, 170, 171, 172, 173, 174, 175, 176, 177, 178, 179, 180, 181, 182, 183, 184, 185, 186, 187, 188, 189, 190, 191, 192, 193, 194, 195, 196, 197, 198, 199, 200, 201, 202, 203, 204, 205, 206, 207, 208, 209, 210, 211, 212, 213, 214, 215, 216, 217, 218, 219, 220, 221, 222, 223, 224, 225, 226, 227, 228, 229, 230, 231, 232, 233, 234, 235, 236, 237, 238, 239, 240, 241, 242, 243, 244, 245, 246, 247, 248, 249, 250, 251, 252, 253, 254, 255]
A: [0, 0, 0, 0, 0, 0, 0, 0, 0, 0, 0, 0, 0, 0, 0, 0, 0, 0, 0, 0, 0, 0, 0, 0, 0, 0, 0, 0, 0, 0, 0, 0, 0, 0, 0, 0, 0, 0, 0, 0, 0, 0, 0, 0, 0, 0, 0, 0, 0, 0, 0, 0, 0, 0, 0, 0, 0, 0, 0, 0, 0, 0, 0, 0, 0, 0, 0, 0, 0, 0, 0, 0, 0, 0, 0, 0, 0, 0, 0, 0, 0, 0, 0, 0, 0, 0, 0, 0, 0, 0, 0, 0, 0, 0, 0, 0, 0, 0, 0, 0, 0, 0, 0, 0, 0, 0, 0, 0, 0, 0, 0, 0, 0, 0, 0, 0, 0, 0, 0, 0, 0, 0, 0, 0, 0, 0, 0, 0, 0, 0, 0, 0, 0, 0, 0, 0, 0, 0, 0, 0, 0, 0, 0, 0, 0, 0, 0, 0, 0, 0, 0, 0, 0, 0, 0, 0, 0, 0, 0, 0, 0, 0, 0, 0, 0, 0, 0, 0, 0, 0, 0, 0, 0, 0, 0, 0, 0, 0, 0, 0, 0, 0, 0, 0, 0, 0, 0, 0, 0, 0, 0, 0, 0, 0, 0, 0, 0, 0, 0, 0, 0, 0, 0, 0, 0, 0, 0, 0, 0, 0, 0, 0, 0, 0, 0, 0, 0, 0, 0, 0, 0, 0, 0, 0, 0, 0, 0, 0, 0, 0, 0, 0, 0, 0, 0, 0, 0, 0, 0, 0, 0, 0, 0, 0, 0, 0, 0, 0, 0, 0, 0, 0, 0, 0, 0, 0]


