path: all/yuyin_8_8025.tt
path: all/yuyin_8_8025.tt
buckets_f: [{122}, {208, 237, 107, 74, 127, 159, 94, 25}, {137, 18, 178, 199, 251, 15, 224, 91, 212, 232, 169, 27, 115, 32, 40, 239, 129, 198, 71, 210, 117, 181, 134, 47, 50, 252, 41}, {217, 240, 101, 69, 184, 209, 138, 150, 2, 77, 87, 236, 235, 75, 89, 81, 76, 194, 248, 182, 215, 24, 241, 11, 12, 191, 56, 68, 162, 145, 37, 246, 203, 48, 54, 234, 214, 13, 228, 5}, {64, 79, 142, 105, 123, 200, 72, 146, 39, 128, 243, 242, 52, 124, 83, 143, 9, 104, 238, 156, 19, 111, 1, 155, 253, 116, 148, 26, 60, 218, 207, 188, 58, 206, 78, 46, 7, 231, 102, 96, 6, 90, 186, 167}, {152, 88, 247, 42, 222, 121, 3, 164, 132, 229, 36, 202, 108, 183, 190, 44, 55, 62, 120, 139, 95, 144, 158, 254, 171, 170, 106, 23, 141, 223, 67, 227, 10, 113, 17, 43, 195, 172, 80, 133, 100, 130, 118, 140}, {125, 166, 21, 29, 84, 250, 233, 147, 28, 225, 219, 230, 103, 154, 161, 38, 82, 73, 51, 220, 33, 53, 135, 179, 110, 93, 189, 65, 201, 92, 85, 8, 221, 61, 193, 213, 114, 20, 160, 168, 14, 244, 175, 70}, {177, 196, 109, 4, 34, 151, 163, 35, 197, 31, 49, 126, 45, 86, 119, 153, 63, 165, 255, 173, 16, 204, 98, 131, 66, 205, 99, 249, 185, 176, 57, 30}, {157, 192, 180, 187, 149, 136, 211, 245, 97, 174, 59}, {22, 226, 216, 112}, {0}]
buckets_g: [{122}, {74, 237, 208, 94, 127, 107, 159, 25}, {232, 129, 239, 199, 181, 41, 18, 134, 15, 40, 212, 169, 198, 91, 252, 115, 251, 224, 210, 71, 27, 137, 32, 47, 178, 50, 117}, {2, 75, 138, 68, 101, 184, 89, 81, 5, 87, 241, 162, 24, 209, 76, 228, 240, 54, 11, 234, 150, 248, 182, 236, 235, 145, 214, 37, 48, 194, 246, 69, 77, 203, 191, 13, 12, 56, 217, 215}, {79, 238, 156, 58, 46, 218, 78, 83, 146, 124, 200, 155, 19, 148, 242, 207, 1, 253, 142, 143, 104, 9, 186, 167, 206, 39, 111, 96, 60, 116, 188, 123, 128, 52, 231, 102, 243, 72, 26, 6, 64, 90, 7, 105}, {254, 130, 171, 108, 227, 247, 132, 158, 140, 55, 141, 120, 139, 121, 170, 152, 36, 44, 202, 195, 95, 67, 190, 223, 100, 222, 43, 23, 118, 229, 62, 164, 113, 10, 133, 144, 42, 3, 17, 80, 106, 183, 88, 172}, {14, 250, 233, 29, 147, 114, 73, 21, 221, 179, 161, 213, 110, 82, 201, 219, 85, 244, 20, 154, 125, 65, 193, 168, 166, 220, 93, 160, 33, 103, 175, 84, 70, 8, 38, 53, 189, 225, 51, 92, 61, 230, 28, 135}, {16, 66, 30, 98, 204, 131, 34, 255, 165, 126, 205, 196, 31, 109, 185, 197, 57, 249, 49, 63, 4, 99, 173, 163, 35, 86, 119, 45, 177, 176, 151, 153}, {59, 149, 245, 97, 174, 180, 157, 192, 211, 187, 136}, {226, 216, 112, 22}, {0}]
indices_f: [10, 4, 3, 5, 7, 3, 4, 4, 6, 4, 5, 3, 3, 3, 6, 2, 7, 5, 2, 4, 6, 6, 9, 5, 3, 1, 4, 2, 6, 6, 7, 7, 2, 6, 7, 7, 5, 3, 6, 4, 2, 2, 5, 5, 5, 7, 4, 2, 3, 7, 2, 6, 4, 6, 3, 5, 3, 7, 4, 8, 4, 6, 5, 7, 4, 6, 7, 5, 3, 3, 6, 2, 4, 6, 1, 3, 3, 3, 4, 4, 5, 3, 6, 4, 6, 6, 7, 3, 5, 3, 4, 2, 6, 6, 1, 5, 4, 8, 7, 7, 5, 3, 4, 6, 4, 4, 5, 1, 5, 7, 6, 4, 9, 5, 6, 2, 4, 2, 5, 7, 5, 5, 0, 4, 4, 6, 7, 1, 4, 2, 5, 7, 5, 5, 2, 6, 8, 2, 3, 5, 5, 5, 4, 4, 5, 3, 4, 6, 4, 8, 3, 7, 5, 7, 6, 4, 4, 8, 5, 1, 6, 6, 3, 7, 5, 7, 6, 4, 6, 2, 5, 5, 5, 7, 8, 6, 7, 7, 2, 6, 8, 2, 3, 5, 3, 7, 4, 8, 4, 6, 5, 3, 8, 6, 3, 5, 7, 7, 2, 2, 4, 6, 5, 3, 7, 7, 4, 4, 1, 3, 2, 8, 2, 6, 3, 3, 9, 3, 4, 6, 6, 6, 5, 5, 2, 6, 9, 5, 3, 5, 6, 4, 2, 6, 3, 3, 3, 1, 4, 2, 3, 3, 4, 4, 6, 8, 3, 5, 3, 7, 6, 2, 2, 4, 5, 7]
indices_g: [10, 4, 3, 5, 7, 3, 4, 4, 6, 4, 5, 3, 3, 3, 6, 2, 7, 5, 2, 4, 6, 6, 9, 5, 3, 1, 4, 2, 6, 6, 7, 7, 2, 6, 7, 7, 5, 3, 6, 4, 2, 2, 5, 5, 5, 7, 4, 2, 3, 7, 2, 6, 4, 6, 3, 5, 3, 7, 4, 8, 4, 6, 5, 7, 4, 6, 7, 5, 3, 3, 6, 2, 4, 6, 1, 3, 3, 3, 4, 4, 5, 3, 6, 4, 6, 6, 7, 3, 5, 3, 4, 2, 6, 6, 1, 5, 4, 8, 7, 7, 5, 3, 4, 6, 4, 4, 5, 1, 5, 7, 6, 4, 9, 5, 6, 2, 4, 2, 5, 7, 5, 5, 0, 4, 4, 6, 7, 1, 4, 2, 5, 7, 5, 5, 2, 6, 8, 2, 3, 5, 5, 5, 4, 4, 5, 3, 4, 6, 4, 8, 3, 7, 5, 7, 6, 4, 4, 8, 5, 1, 6, 6, 3, 7, 5, 7, 6, 4, 6, 2, 5, 5, 5, 7, 8, 6, 7, 7, 2, 6, 8, 2, 3, 5, 3, 7, 4, 8, 4, 6, 5, 3, 8, 6, 3, 5, 7, 7, 2, 2, 4, 6, 5, 3, 7, 7, 4, 4, 1, 3, 2, 8, 2, 6, 3, 3, 9, 3, 4, 6, 6, 6, 5, 5, 2, 6, 9, 5, 3, 5, 6, 4, 2, 6, 3, 3, 3, 1, 4, 2, 3, 3, 4, 4, 6, 8, 3, 5, 3, 7, 6, 2, 2, 4, 5, 7]
buckets are valid
L1: [0, 1, 2, 3, 4, 5, 6, 7, 8, 9, 10, 11, 12, 13, 14, 15, 16, 17, 18, 19, 20, 21, 22, 23, 24, 25, 26, 27, 28, 29, 30, 31, 32, 33, 34, 35, 36, 37, 38, 39, 40, 41, 42, 43, 44, 45, 46, 47, 48, 49, 50, 51, 52, 53, 54, 55, 56, 57, 58, 59, 60, 61, 62, 63, 64, 65, 66, 67, 68, 69, 70, 71, 72, 73, 74, 75, 76, 77, 78, 79, 80, 81, 82, 83, 84, 85, 86, 87, 88, 89, 90, 91, 92, 93, 94, 95, 96, 97, 98, 99, 100, 101, 102, 103, 104, 105, 106, 107, 108, 109, 110, 111, 112, 113, 114, 115, 116, 117, 118, 119, 120, 121, 122, 123, 124, 125, 126, 127, 128, 129, 130, 131, 132, 133, 134, 135, 136, 137, 138, 139, 140, 141, 142, 143, 144, 145, 146, 147, 148, 149, 150, 151, 152, 153, 154, 155, 156, 157, 158, 159, 160, 161, 162, 163, 164, 165, 166, 167, 168, 169, 170, 171, 172, 173, 174, 175, 176, 177, 178, 179, 180, 181, 182, 183, 184, 185, 186, 187, 188, 189, 190, 191, 192, 193, 194, 195, 196, 197, 198, 199, 200, 201, 202, 203, 204, 205, 206, 207, 208, 209, 210, 211, 212, 213, 214, 215, 216, 217, 218, 219, 220, 221, 222, 223, 224, 225, 226, 227, 228, 229, 230, 231, 232, 233, 234, 235, 236, 237, 238, 239, 240, 241, 242, 243, 244, 245, 246, 247, 248, 249, 250, 251, 252, 253, 254, 255]
L2: [0, 1, 2, 3, 4, 5, 6, 7, 8, 9, 10, 11, 12, 13, 14, 15, 16, 17, 18, 19, 20, 21, 22, 23, 24, 25, 26, 27, 28, 29, 30, 31, 32, 33, 34, 35, 36, 37, 38, 39, 40, 41, 42, 43, 44, 45, 46, 47, 48, 49, 50, 51, 52, 53, 54, 55, 56, 57, 58, 59, 60, 61, 62, 63, 64, 65, 66, 67, 68, 69, 70, 71, 72, 73, 74, 75, 76, 77, 78, 79, 80, 81, 82, 83, 84, 85, 86, 87, 88, 89, 90, 91, 92, 93, 94, 95, 96, 97, 98, 99, 100, 101, 102, 103, 104, 105, 106, 107, 108, 109, 110, 111, 112, 113, 114, 115, 116, 117, 118, 119, 120, 121, 122, 123, 124, 125, 126, 127, 128, 129, 130, 131, 132, 133, 134, 135, 136, 137, 138, 139, 140, 141, 142, 143, 144, 145, 146, 147, 148, 149, 150, 151, 152, 153, 154, 155, 156, 157, 158, 159, 160, 161, 162, 163, 164, 165, 166, 167, 168, 169, 170, 171, 172, 173, 174, 175, 176, 177, 178, 179, 180, 181, 182, 183, 184, 185, 186, 187, 188, 189, 190, 191, 192, 193, 194, 195, 196, 197, 198, 199, 200, 201, 202, 203, 204, 205, 206, 207, 208, 209, 210, 211, 212, 213, 214, 215, 216, 217, 218, 219, 220, 221, 222, 223, 224, 225, 226, 227, 228, 229, 230, 231, 232, 233, 234, 235, 236, 237, 238, 239, 240, 241, 242, 243, 244, 245, 246, 247, 248, 249, 250, 251, 252, 253, 254, 255]
A: [0, 0, 0, 0, 0, 0, 0, 0, 0, 0, 0, 0, 0, 0, 0, 0, 0, 0, 0, 0, 0, 0, 0, 0, 0, 0, 0, 0, 0, 0, 0, 0, 0, 0, 0, 0, 0, 0, 0, 0, 0, 0, 0, 0, 0, 0, 0, 0, 0, 0, 0, 0, 0, 0, 0, 0, 0, 0, 0, 0, 0, 0, 0, 0, 0, 0, 0, 0, 0, 0, 0, 0, 0, 0, 0, 0, 0, 0, 0, 0, 0, 0, 0, 0, 0, 0, 0, 0, 0, 0, 0, 0, 0, 0, 0, 0, 0, 0, 0, 0, 0, 0, 0, 0, 0, 0, 0, 0, 0, 0, 0, 0, 0, 0, 0, 0, 0, 0, 0, 0, 0, 0, 0, 0, 0, 0, 0, 0, 0, 0, 0, 0, 0, 0, 0, 0, 0, 0, 0, 0, 0, 0, 0, 0, 0, 0, 0, 0, 0, 0, 0, 0, 0, 0, 0, 0, 0, 0, 0, 0, 0, 0, 0, 0, 0, 0, 0, 0, 0, 0, 0, 0, 0, 0, 0, 0, 0, 0, 0, 0, 0, 0, 0, 0, 0, 0, 0, 0, 0, 0, 0, 0, 0, 0, 0, 0, 0, 0, 0, 0, 0, 0, 0, 0, 0, 0, 0, 0, 0, 0, 0, 0, 0, 0, 0, 0, 0, 0, 0, 0, 0, 0, 0, 0, 0, 0, 0, 0, 0, 0, 0, 0, 0, 0, 0, 0, 0, 0, 0, 0, 0, 0, 0, 0, 0, 0, 0, 0, 0, 0, 0, 0, 0, 0, 0, 0]


