path: all/yuyin2_1550.tt
path: all/yuyin2_1550.tt
buckets_f: [{125, 80, 204}, {131, 95, 19, 249, 50, 18, 111, 127}, {49, 140, 112, 198, 252, 251, 87, 29, 65, 11, 55, 230, 139, 186, 199, 6, 240, 123}, {184, 130, 196, 126, 162, 35, 115, 175, 53, 121, 254, 195, 142, 83, 239, 41, 181, 190, 20, 99, 116, 227, 72, 255, 232, 101, 146, 110, 85, 82, 226, 207, 21, 84, 14, 243, 149, 67, 56, 8, 213, 31, 229, 178, 217, 153}, {225, 91, 59, 10, 17, 221, 231, 250, 38, 64, 1, 77, 28, 155, 170, 58, 106, 107, 214, 235, 218, 189, 219, 177, 208, 205, 192, 209, 109, 7, 187, 154, 150, 44, 93, 12, 86, 173, 151, 220, 27, 166, 39, 161, 241, 183}, {222, 212, 63, 133, 159, 114, 105, 98, 201, 100, 78, 2, 143, 25, 197, 117, 164, 37, 245, 47, 210, 148, 165, 137, 52, 248, 194, 120, 4, 94, 68, 216, 79, 40, 24, 34, 5, 168, 147, 3, 206, 57, 244, 88, 89, 69}, {135, 171, 48, 203, 26, 13, 42, 144, 75, 202, 90, 81, 176, 23, 247, 16, 33, 157, 188, 141, 92, 160, 236, 54, 156, 138, 43, 129, 96, 70, 134, 167, 128, 182, 97, 234, 32, 113, 103, 102, 172, 122, 76, 224}, {242, 9, 66, 211, 238, 191, 46, 223, 163, 174, 51, 36, 62, 73, 233, 104, 136, 158, 15, 30, 180, 185, 179, 228, 132, 200}, {22, 246, 193, 61, 237, 253, 119, 124, 215, 74, 118, 71, 45, 60, 108}, {152, 169}, {145}, {0}]
buckets_g: [{204, 125, 80}, {127, 95, 19, 18, 50, 131, 111, 249}, {29, 230, 140, 139, 112, 55, 49, 87, 11, 199, 6, 186, 240, 198, 252, 65, 123, 251}, {110, 21, 126, 41, 217, 213, 142, 175, 149, 227, 181, 53, 232, 82, 99, 239, 130, 56, 162, 153, 84, 31, 115, 254, 67, 195, 83, 255, 8, 184, 116, 178, 101, 72, 20, 190, 35, 207, 121, 229, 14, 243, 146, 196, 226, 85}, {214, 77, 208, 209, 27, 59, 219, 64, 1, 28, 58, 10, 12, 241, 220, 44, 154, 91, 189, 187, 17, 250, 177, 221, 161, 86, 106, 192, 93, 38, 205, 218, 151, 173, 166, 107, 231, 7, 150, 155, 170, 109, 235, 225, 39, 183}, {222, 245, 137, 197, 34, 114, 78, 212, 37, 159, 94, 25, 201, 40, 79, 117, 63, 143, 57, 89, 133, 98, 164, 68, 88, 100, 206, 148, 168, 3, 120, 147, 216, 52, 2, 194, 105, 244, 210, 248, 5, 24, 69, 4, 165, 47}, {97, 134, 176, 167, 81, 203, 188, 144, 54, 76, 157, 135, 113, 23, 90, 43, 234, 141, 224, 129, 103, 128, 96, 70, 156, 75, 33, 48, 13, 92, 16, 26, 102, 160, 138, 172, 182, 202, 171, 42, 122, 32, 236, 247}, {73, 200, 46, 174, 223, 15, 211, 228, 36, 163, 132, 51, 180, 104, 136, 242, 9, 158, 233, 185, 191, 179, 66, 238, 30, 62}, {119, 108, 253, 237, 45, 246, 22, 71, 61, 215, 124, 193, 74, 60, 118}, {169, 152}, {145}, {0}]
indices_f: [11, 4, 5, 5, 5, 5, 2, 4, 3, 7, 4, 2, 4, 6, 3, 7, 6, 4, 1, 1, 3, 3, 8, 6, 5, 5, 6, 4, 4, 2, 7, 3, 6, 6, 5, 3, 7, 5, 4, 4, 5, 3, 6, 6, 4, 8, 7, 5, 6, 2, 1, 7, 5, 3, 6, 2, 3, 5, 4, 4, 8, 8, 7, 5, 4, 2, 7, 3, 5, 5, 6, 8, 3, 7, 8, 6, 6, 4, 5, 5, 0, 6, 3, 3, 3, 3, 4, 2, 5, 5, 6, 4, 6, 4, 5, 1, 6, 6, 5, 3, 5, 3, 6, 6, 7, 5, 4, 4, 8, 4, 3, 1, 2, 6, 5, 3, 3, 5, 8, 8, 5, 3, 6, 2, 8, 0, 3, 1, 6, 6, 3, 1, 7, 5, 6, 6, 7, 5, 6, 2, 2, 6, 3, 5, 6, 10, 3, 5, 5, 3, 4, 4, 9, 3, 4, 4, 6, 6, 7, 5, 6, 4, 3, 7, 5, 5, 4, 6, 5, 9, 4, 6, 6, 4, 7, 3, 6, 4, 3, 7, 7, 3, 6, 4, 3, 7, 2, 4, 6, 4, 3, 7, 4, 8, 5, 3, 3, 5, 2, 2, 7, 5, 6, 6, 0, 4, 5, 3, 4, 4, 5, 7, 5, 3, 4, 8, 5, 3, 4, 4, 4, 4, 5, 7, 6, 4, 3, 3, 7, 3, 2, 4, 3, 7, 6, 4, 6, 8, 7, 3, 2, 4, 7, 3, 5, 5, 8, 6, 5, 1, 4, 2, 2, 8, 3, 3]
indices_g: [11, 4, 5, 5, 5, 5, 2, 4, 3, 7, 4, 2, 4, 6, 3, 7, 6, 4, 1, 1, 3, 3, 8, 6, 5, 5, 6, 4, 4, 2, 7, 3, 6, 6, 5, 3, 7, 5, 4, 4, 5, 3, 6, 6, 4, 8, 7, 5, 6, 2, 1, 7, 5, 3, 6, 2, 3, 5, 4, 4, 8, 8, 7, 5, 4, 2, 7, 3, 5, 5, 6, 8, 3, 7, 8, 6, 6, 4, 5, 5, 0, 6, 3, 3, 3, 3, 4, 2, 5, 5, 6, 4, 6, 4, 5, 1, 6, 6, 5, 3, 5, 3, 6, 6, 7, 5, 4, 4, 8, 4, 3, 1, 2, 6, 5, 3, 3, 5, 8, 8, 5, 3, 6, 2, 8, 0, 3, 1, 6, 6, 3, 1, 7, 5, 6, 6, 7, 5, 6, 2, 2, 6, 3, 5, 6, 10, 3, 5, 5, 3, 4, 4, 9, 3, 4, 4, 6, 6, 7, 5, 6, 4, 3, 7, 5, 5, 4, 6, 5, 9, 4, 6, 6, 4, 7, 3, 6, 4, 3, 7, 7, 3, 6, 4, 3, 7, 2, 4, 6, 4, 3, 7, 4, 8, 5, 3, 3, 5, 2, 2, 7, 5, 6, 6, 0, 4, 5, 3, 4, 4, 5, 7, 5, 3, 4, 8, 5, 3, 4, 4, 4, 4, 5, 7, 6, 4, 3, 3, 7, 3, 2, 4, 3, 7, 6, 4, 6, 8, 7, 3, 2, 4, 7, 3, 5, 5, 8, 6, 5, 1, 4, 2, 2, 8, 3, 3]
buckets are valid
L1: [0, 1, 2, 3, 4, 5, 6, 7, 8, 9, 10, 11, 12, 13, 14, 15, 16, 17, 18, 19, 20, 21, 22, 23, 24, 25, 26, 27, 28, 29, 30, 31, 32, 33, 34, 35, 36, 37, 38, 39, 40, 41, 42, 43, 44, 45, 46, 47, 48, 49, 50, 51, 52, 53, 54, 55, 56, 57, 58, 59, 60, 61, 62, 63, 64, 65, 66, 67, 68, 69, 70, 71, 72, 73, 74, 75, 76, 77, 78, 79, 80, 81, 82, 83, 84, 85, 86, 87, 88, 89, 90, 91, 92, 93, 94, 95, 96, 97, 98, 99, 100, 101, 102, 103, 104, 105, 106, 107, 108, 109, 110, 111, 112, 113, 114, 115, 116, 117, 118, 119, 120, 121, 122, 123, 124, 125, 126, 127, 128, 129, 130, 131, 132, 133, 134, 135, 136, 137, 138, 139, 140, 141, 142, 143, 144, 145, 146, 147, 148, 149, 150, 151, 152, 153, 154, 155, 156, 157, 158, 159, 160, 161, 162, 163, 164, 165, 166, 167, 168, 169, 170, 171, 172, 173, 174, 175, 176, 177, 178, 179, 180, 181, 182, 183, 184, 185, 186, 187, 188, 189, 190, 191, 192, 193, 194, 195, 196, 197, 198, 199, 200, 201, 202, 203, 204, 205, 206, 207, 208, 209, 210, 211, 212, 213, 214, 215, 216, 217, 218, 219, 220, 221, 222, 223, 224, 225, 226, 227, 228, 229, 230, 231, 232, 233, 234, 235, 236, 237, 238, 239, 240, 241, 242, 243, 244, 245, 246, 247, 248, 249, 250, 251, 252, 253, 254, 255]
L2: [0, 1, 2, 3, 4, 5, 6, 7, 8, 9, 10, 11, 12, 13, 14, 15, 16, 17, 18, 19, 20, 21, 22, 23, 24, 25, 26, 27, 28, 29, 30, 31, 32, 33, 34, 35, 36, 37, 38, 39, 40, 41, 42, 43, 44, 45, 46, 47, 48, 49, 50, 51, 52, 53, 54, 55, 56, 57, 58, 59, 60, 61, 62, 63, 64, 65, 66, 67, 68, 69, 70, 71, 72, 73, 74, 75, 76, 77, 78, 79, 80, 81, 82, 83, 84, 85, 86, 87, 88, 89, 90, 91, 92, 93, 94, 95, 96, 97, 98, 99, 100, 101, 102, 103, 104, 105, 106, 107, 108, 109, 110, 111, 112, 113, 114, 115, 116, 117, 118, 119, 120, 121, 122, 123, 124, 125, 126, 127, 128, 129, 130, 131, 132, 133, 134, 135, 136, 137, 138, 139, 140, 141, 142, 143, 144, 145, 146, 147, 148, 149, 150, 151, 152, 153, 154, 155, 156, 157, 158, 159, 160, 161, 162, 163, 164, 165, 166, 167, 168, 169, 170, 171, 172, 173, 174, 175, 176, 177, 178, 179, 180, 181, 182, 183, 184, 185, 186, 187, 188, 189, 190, 191, 192, 193, 194, 195, 196, 197, 198, 199, 200, 201, 202, 203, 204, 205, 206, 207, 208, 209, 210, 211, 212, 213, 214, 215, 216, 217, 218, 219, 220, 221, 222, 223, 224, 225, 226, 227, 228, 229, 230, 231, 232, 233, 234, 235, 236, 237, 238, 239, 240, 241, 242, 243, 244, 245, 246, 247, 248, 249, 250, 251, 252, 253, 254, 255]
A: [0, 0, 0, 0, 0, 0, 0, 0, 0, 0, 0, 0, 0, 0, 0, 0, 0, 0, 0, 0, 0, 0, 0, 0, 0, 0, 0, 0, 0, 0, 0, 0, 0, 0, 0, 0, 0, 0, 0, 0, 0, 0, 0, 0, 0, 0, 0, 0, 0, 0, 0, 0, 0, 0, 0, 0, 0, 0, 0, 0, 0, 0, 0, 0, 0, 0, 0, 0, 0, 0, 0, 0, 0, 0, 0, 0, 0, 0, 0, 0, 0, 0, 0, 0, 0, 0, 0, 0, 0, 0, 0, 0, 0, 0, 0, 0, 0, 0, 0, 0, 0, 0, 0, 0, 0, 0, 0, 0, 0, 0, 0, 0, 0, 0, 0, 0, 0, 0, 0, 0, 0, 0, 0, 0, 0, 0, 0, 0, 0, 0, 0, 0, 0, 0, 0, 0, 0, 0, 0, 0, 0, 0, 0, 0, 0, 0, 0, 0, 0, 0, 0, 0, 0, 0, 0, 0, 0, 0, 0, 0, 0, 0, 0, 0, 0, 0, 0, 0, 0, 0, 0, 0, 0, 0, 0, 0, 0, 0, 0, 0, 0, 0, 0, 0, 0, 0, 0, 0, 0, 0, 0, 0, 0, 0, 0, 0, 0, 0, 0, 0, 0, 0, 0, 0, 0, 0, 0, 0, 0, 0, 0, 0, 0, 0, 0, 0, 0, 0, 0, 0, 0, 0, 0, 0, 0, 0, 0, 0, 0, 0, 0, 0, 0, 0, 0, 0, 0, 0, 0, 0, 0, 0, 0, 0, 0, 0, 0, 0, 0, 0, 0, 0, 0, 0, 0, 0]


