path: all/yuyin2_223.tt
path: all/yuyin2_223.tt
buckets_f: [{105}, {94}, {99, 170, 86, 71, 104, 9, 222, 98, 207}, {185, 36, 163, 233, 15, 147, 100, 166, 242, 194, 134, 16, 146, 84, 252, 91, 162, 167, 90, 141, 78, 74, 14}, {103, 234, 208, 25, 76, 149, 218, 165, 72, 143, 45, 213, 241, 114, 209, 158, 54, 180, 56, 154, 23, 24, 144, 238, 212, 197, 161, 118, 245, 186, 224, 92, 73, 125, 223, 8}, {11, 81, 199, 43, 135, 216, 157, 101, 64, 227, 107, 79, 136, 198, 253, 111, 169, 20, 210, 126, 48, 53, 85, 183, 65, 110, 21, 131, 116, 150, 46, 151, 248, 5, 75, 27, 117, 112, 204, 96, 113, 214, 137, 31, 106, 230, 10, 123}, {235, 115, 128, 255, 22, 7, 203, 51, 2, 3, 38, 133, 206, 219, 145, 239, 244, 12, 187, 228, 191, 129, 139, 82, 119, 50, 160, 19, 6, 177, 229, 41, 121, 83, 61, 34, 176, 171, 88, 93, 164, 254, 240, 40, 66, 57, 202, 132}, {188, 42, 47, 97, 220, 184, 32, 80, 243, 211, 4, 182, 140, 231, 221, 201, 58, 33, 62, 156, 30, 215, 205, 173, 179, 17, 69, 168, 127, 37, 195, 226, 130, 26, 189, 237, 52, 68, 49, 246, 152, 59, 247, 63, 122, 249, 236, 232}, {44, 155, 102, 18, 55, 251, 89, 190, 159, 70, 60, 225, 175, 250, 39, 13, 77, 192, 138, 29, 174, 109, 181, 28, 67, 124, 35}, {178, 172, 95, 200, 153, 217, 1}, {87, 142, 120, 148, 108, 193, 196}, {0}]
buckets_g: [{105}, {94}, {86, 207, 71, 9, 104, 99, 170, 98, 222}, {147, 194, 242, 185, 16, 36, 90, 141, 15, 163, 91, 167, 166, 100, 146, 74, 162, 78, 233, 252, 84, 134, 14}, {154, 103, 212, 92, 118, 114, 241, 45, 73, 208, 72, 144, 245, 76, 165, 209, 143, 8, 197, 161, 158, 218, 24, 56, 234, 149, 186, 54, 238, 125, 180, 224, 25, 213, 223, 23}, {169, 230, 123, 116, 5, 110, 214, 131, 137, 198, 111, 96, 75, 113, 48, 106, 53, 65, 20, 210, 31, 204, 157, 101, 27, 43, 85, 248, 10, 183, 136, 107, 117, 21, 11, 150, 253, 151, 64, 112, 227, 79, 81, 126, 199, 46, 216, 135}, {115, 7, 82, 57, 187, 229, 121, 12, 61, 160, 66, 51, 119, 83, 219, 191, 2, 133, 129, 34, 132, 177, 128, 171, 38, 19, 239, 145, 254, 139, 176, 255, 203, 240, 40, 206, 202, 22, 41, 228, 3, 50, 6, 93, 235, 88, 164, 244}, {42, 17, 243, 156, 127, 247, 68, 33, 152, 226, 59, 221, 122, 232, 236, 4, 97, 249, 215, 179, 130, 63, 246, 52, 69, 195, 182, 220, 32, 211, 231, 168, 80, 184, 201, 26, 37, 237, 58, 173, 140, 189, 30, 47, 188, 49, 62, 205}, {192, 155, 124, 102, 67, 251, 44, 39, 70, 190, 138, 181, 159, 28, 174, 250, 18, 55, 77, 13, 35, 60, 109, 175, 225, 89, 29}, {178, 172, 1, 217, 153, 200, 95}, {108, 148, 87, 193, 142, 120, 196}, {0}]
indices_f: [11, 9, 6, 6, 7, 5, 6, 6, 4, 2, 5, 5, 6, 8, 3, 3, 3, 7, 8, 6, 5, 5, 6, 4, 4, 4, 7, 5, 8, 8, 7, 5, 7, 7, 6, 8, 3, 7, 6, 8, 6, 6, 7, 5, 8, 4, 5, 7, 5, 7, 6, 6, 7, 5, 4, 8, 4, 6, 7, 7, 8, 6, 7, 7, 5, 5, 6, 8, 7, 7, 8, 2, 4, 4, 3, 5, 4, 8, 3, 5, 7, 5, 6, 6, 3, 5, 2, 10, 6, 8, 3, 3, 4, 6, 1, 9, 5, 7, 2, 2, 3, 5, 8, 4, 2, 0, 5, 5, 10, 8, 5, 5, 5, 5, 4, 6, 5, 5, 4, 6, 10, 6, 7, 5, 8, 4, 5, 7, 6, 6, 7, 5, 6, 6, 3, 5, 5, 5, 8, 6, 7, 3, 10, 4, 4, 6, 3, 3, 10, 4, 5, 5, 7, 9, 4, 8, 7, 5, 4, 8, 6, 4, 3, 3, 6, 4, 3, 3, 7, 5, 2, 6, 9, 7, 8, 8, 6, 6, 9, 7, 4, 8, 7, 5, 7, 3, 4, 6, 7, 7, 8, 6, 8, 10, 3, 7, 10, 4, 5, 5, 9, 7, 6, 6, 5, 7, 6, 2, 4, 4, 5, 7, 4, 4, 5, 7, 5, 9, 4, 6, 7, 7, 2, 4, 4, 8, 7, 5, 6, 6, 5, 7, 7, 3, 4, 6, 7, 7, 4, 6, 6, 4, 3, 7, 6, 4, 7, 7, 5, 7, 8, 8, 3, 5, 6, 6]
indices_g: [11, 9, 6, 6, 7, 5, 6, 6, 4, 2, 5, 5, 6, 8, 3, 3, 3, 7, 8, 6, 5, 5, 6, 4, 4, 4, 7, 5, 8, 8, 7, 5, 7, 7, 6, 8, 3, 7, 6, 8, 6, 6, 7, 5, 8, 4, 5, 7, 5, 7, 6, 6, 7, 5, 4, 8, 4, 6, 7, 7, 8, 6, 7, 7, 5, 5, 6, 8, 7, 7, 8, 2, 4, 4, 3, 5, 4, 8, 3, 5, 7, 5, 6, 6, 3, 5, 2, 10, 6, 8, 3, 3, 4, 6, 1, 9, 5, 7, 2, 2, 3, 5, 8, 4, 2, 0, 5, 5, 10, 8, 5, 5, 5, 5, 4, 6, 5, 5, 4, 6, 10, 6, 7, 5, 8, 4, 5, 7, 6, 6, 7, 5, 6, 6, 3, 5, 5, 5, 8, 6, 7, 3, 10, 4, 4, 6, 3, 3, 10, 4, 5, 5, 7, 9, 4, 8, 7, 5, 4, 8, 6, 4, 3, 3, 6, 4, 3, 3, 7, 5, 2, 6, 9, 7, 8, 8, 6, 6, 9, 7, 4, 8, 7, 5, 7, 3, 4, 6, 7, 7, 8, 6, 8, 10, 3, 7, 10, 4, 5, 5, 9, 7, 6, 6, 5, 7, 6, 2, 4, 4, 5, 7, 4, 4, 5, 7, 5, 9, 4, 6, 7, 7, 2, 4, 4, 8, 7, 5, 6, 6, 5, 7, 7, 3, 4, 6, 7, 7, 4, 6, 6, 4, 3, 7, 6, 4, 7, 7, 5, 7, 8, 8, 3, 5, 6, 6]
buckets are valid
L1: [0, 1, 2, 3, 4, 5, 6, 7, 8, 9, 10, 11, 12, 13, 14, 15, 16, 17, 18, 19, 20, 21, 22, 23, 24, 25, 26, 27, 28, 29, 30, 31, 32, 33, 34, 35, 36, 37, 38, 39, 40, 41, 42, 43, 44, 45, 46, 47, 48, 49, 50, 51, 52, 53, 54, 55, 56, 57, 58, 59, 60, 61, 62, 63, 64, 65, 66, 67, 68, 69, 70, 71, 72, 73, 74, 75, 76, 77, 78, 79, 80, 81, 82, 83, 84, 85, 86, 87, 88, 89, 90, 91, 92, 93, 94, 95, 96, 97, 98, 99, 100, 101, 102, 103, 104, 105, 106, 107, 108, 109, 110, 111, 112, 113, 114, 115, 116, 117, 118, 119, 120, 121, 122, 123, 124, 125, 126, 127, 128, 129, 130, 131, 132, 133, 134, 135, 136, 137, 138, 139, 140, 141, 142, 143, 144, 145, 146, 147, 148, 149, 150, 151, 152, 153, 154, 155, 156, 157, 158, 159, 160, 161, 162, 163, 164, 165, 166, 167, 168, 169, 170, 171, 172, 173, 174, 175, 176, 177, 178, 179, 180, 181, 182, 183, 184, 185, 186, 187, 188, 189, 190, 191, 192, 193, 194, 195, 196, 197, 198, 199, 200, 201, 202, 203, 204, 205, 206, 207, 208, 209, 210, 211, 212, 213, 214, 215, 216, 217, 218, 219, 220, 221, 222, 223, 224, 225, 226, 227, 228, 229, 230, 231, 232, 233, 234, 235, 236, 237, 238, 239, 240, 241, 242, 243, 244, 245, 246, 247, 248, 249, 250, 251, 252, 253, 254, 255]
L2: [0, 1, 2, 3, 4, 5, 6, 7, 8, 9, 10, 11, 12, 13, 14, 15, 16, 17, 18, 19, 20, 21, 22, 23, 24, 25, 26, 27, 28, 29, 30, 31, 32, 33, 34, 35, 36, 37, 38, 39, 40, 41, 42, 43, 44, 45, 46, 47, 48, 49, 50, 51, 52, 53, 54, 55, 56, 57, 58, 59, 60, 61, 62, 63, 64, 65, 66, 67, 68, 69, 70, 71, 72, 73, 74, 75, 76, 77, 78, 79, 80, 81, 82, 83, 84, 85, 86, 87, 88, 89, 90, 91, 92, 93, 94, 95, 96, 97, 98, 99, 100, 101, 102, 103, 104, 105, 106, 107, 108, 109, 110, 111, 112, 113, 114, 115, 116, 117, 118, 119, 120, 121, 122, 123, 124, 125, 126, 127, 128, 129, 130, 131, 132, 133, 134, 135, 136, 137, 138, 139, 140, 141, 142, 143, 144, 145, 146, 147, 148, 149, 150, 151, 152, 153, 154, 155, 156, 157, 158, 159, 160, 161, 162, 163, 164, 165, 166, 167, 168, 169, 170, 171, 172, 173, 174, 175, 176, 177, 178, 179, 180, 181, 182, 183, 184, 185, 186, 187, 188, 189, 190, 191, 192, 193, 194, 195, 196, 197, 198, 199, 200, 201, 202, 203, 204, 205, 206, 207, 208, 209, 210, 211, 212, 213, 214, 215, 216, 217, 218, 219, 220, 221, 222, 223, 224, 225, 226, 227, 228, 229, 230, 231, 232, 233, 234, 235, 236, 237, 238, 239, 240, 241, 242, 243, 244, 245, 246, 247, 248, 249, 250, 251, 252, 253, 254, 255]
A: [0, 0, 0, 0, 0, 0, 0, 0, 0, 0, 0, 0, 0, 0, 0, 0, 0, 0, 0, 0, 0, 0, 0, 0, 0, 0, 0, 0, 0, 0, 0, 0, 0, 0, 0, 0, 0, 0, 0, 0, 0, 0, 0, 0, 0, 0, 0, 0, 0, 0, 0, 0, 0, 0, 0, 0, 0, 0, 0, 0, 0, 0, 0, 0, 0, 0, 0, 0, 0, 0, 0, 0, 0, 0, 0, 0, 0, 0, 0, 0, 0, 0, 0, 0, 0, 0, 0, 0, 0, 0, 0, 0, 0, 0, 0, 0, 0, 0, 0, 0, 0, 0, 0, 0, 0, 0, 0, 0, 0, 0, 0, 0, 0, 0, 0, 0, 0, 0, 0, 0, 0, 0, 0, 0, 0, 0, 0, 0, 0, 0, 0, 0, 0, 0, 0, 0, 0, 0, 0, 0, 0, 0, 0, 0, 0, 0, 0, 0, 0, 0, 0, 0, 0, 0, 0, 0, 0, 0, 0, 0, 0, 0, 0, 0, 0, 0, 0, 0, 0, 0, 0, 0, 0, 0, 0, 0, 0, 0, 0, 0, 0, 0, 0, 0, 0, 0, 0, 0, 0, 0, 0, 0, 0, 0, 0, 0, 0, 0, 0, 0, 0, 0, 0, 0, 0, 0, 0, 0, 0, 0, 0, 0, 0, 0, 0, 0, 0, 0, 0, 0, 0, 0, 0, 0, 0, 0, 0, 0, 0, 0, 0, 0, 0, 0, 0, 0, 0, 0, 0, 0, 0, 0, 0, 0, 0, 0, 0, 0, 0, 0, 0, 0, 0, 0, 0, 0]


