path: all/yuyin2_3647.tt
path: all/yuyin2_3647.tt
buckets_f: [{66, 215, 217}, {139, 188, 232, 225, 8, 212, 103, 148, 18, 168, 228}, {36, 255, 207, 90, 213, 121, 208, 210, 86, 75, 224, 88, 19, 131, 172}, {96, 147, 68, 23, 128, 16, 239, 46, 127, 176, 133, 30, 107, 161, 230, 118, 105, 245, 80, 204, 216, 94, 135, 34, 170, 101, 249, 140, 187, 142, 85, 203, 183, 41, 98, 137, 25, 3, 79, 181, 251, 218}, {238, 62, 95, 141, 11, 40, 146, 136, 250, 253, 186, 132, 126, 119, 244, 97, 165, 17, 2, 83, 50, 248, 155, 167, 134, 177, 78, 20, 99, 45, 24, 202, 22, 182, 69, 171, 106, 160, 198, 104, 29, 64, 109, 243, 241, 205, 180, 100}, {223, 125, 150, 130, 72, 92, 37, 74, 211, 192, 13, 49, 206, 43, 52, 163, 254, 209, 234, 185, 87, 159, 89, 197, 54, 175, 194, 190, 237, 15, 116, 32, 247, 77, 110, 152, 120, 70, 1, 157, 113, 145, 4, 115, 91, 39, 173, 58}, {111, 76, 55, 191, 7, 195, 229, 14, 193, 53, 153, 156, 112, 26, 124, 174, 196, 236, 9, 33, 114, 102, 184, 189, 149, 12, 235, 226, 5, 93, 169, 179, 73, 233, 151, 246, 38, 222, 162, 71, 117, 138, 158, 48, 59, 144, 123, 42}, {166, 201, 65, 154, 221, 214, 51, 82, 164, 240, 21, 56, 252, 108, 63, 242, 28, 10, 67, 61, 199, 44}, {31, 81, 219, 57, 143, 200, 220, 84, 60, 47, 129, 35, 231}, {227, 6, 178, 27, 122}, {0}]
buckets_g: [{217, 66, 215}, {168, 18, 232, 8, 212, 228, 225, 139, 148, 103, 188}, {208, 90, 207, 131, 75, 172, 121, 88, 210, 255, 213, 224, 86, 36, 19}, {135, 94, 46, 107, 218, 147, 161, 79, 133, 183, 142, 203, 137, 127, 34, 170, 249, 101, 30, 98, 41, 204, 80, 85, 3, 181, 118, 239, 251, 23, 230, 25, 128, 176, 216, 16, 68, 187, 96, 105, 140, 245}, {97, 182, 99, 205, 250, 104, 244, 69, 119, 24, 50, 165, 83, 22, 198, 95, 141, 171, 243, 64, 132, 180, 186, 2, 253, 40, 62, 78, 106, 134, 17, 109, 238, 167, 29, 177, 146, 126, 45, 136, 160, 248, 100, 155, 202, 11, 241, 20}, {91, 13, 247, 58, 223, 87, 115, 197, 234, 125, 150, 192, 4, 37, 113, 173, 175, 206, 152, 211, 52, 43, 49, 74, 157, 190, 209, 1, 92, 254, 116, 159, 39, 145, 110, 120, 130, 72, 185, 194, 54, 89, 70, 15, 237, 77, 32, 163}, {117, 26, 71, 236, 158, 33, 169, 151, 195, 59, 112, 222, 5, 149, 12, 246, 76, 235, 7, 184, 55, 229, 111, 73, 153, 193, 226, 179, 42, 189, 102, 38, 162, 191, 48, 138, 156, 233, 174, 9, 196, 124, 144, 14, 114, 93, 123, 53}, {65, 67, 82, 154, 214, 201, 108, 10, 21, 61, 51, 63, 44, 252, 56, 221, 199, 242, 164, 28, 240, 166}, {35, 200, 143, 220, 129, 60, 81, 84, 47, 219, 31, 57, 231}, {6, 227, 178, 122, 27}, {0}]
indices_f: [10, 5, 4, 3, 5, 6, 9, 6, 1, 6, 7, 4, 6, 5, 6, 5, 3, 4, 1, 2, 4, 7, 4, 3, 4, 3, 6, 9, 7, 4, 3, 8, 5, 6, 3, 8, 2, 5, 6, 5, 4, 3, 6, 5, 7, 4, 3, 8, 6, 5, 4, 7, 5, 6, 5, 6, 7, 8, 5, 6, 8, 7, 4, 7, 4, 7, 0, 7, 3, 4, 5, 6, 5, 6, 5, 2, 6, 5, 4, 3, 3, 8, 7, 4, 8, 3, 2, 5, 2, 5, 2, 5, 5, 6, 3, 4, 3, 4, 3, 4, 4, 3, 6, 1, 4, 3, 4, 3, 7, 4, 5, 6, 6, 5, 6, 5, 5, 6, 3, 4, 5, 2, 9, 6, 6, 5, 4, 3, 3, 8, 5, 2, 4, 3, 4, 3, 4, 3, 6, 1, 3, 4, 3, 8, 6, 5, 4, 3, 1, 6, 5, 6, 5, 6, 7, 4, 6, 5, 6, 5, 4, 3, 6, 5, 7, 4, 7, 4, 1, 6, 3, 4, 2, 5, 6, 5, 3, 4, 9, 6, 4, 3, 4, 3, 6, 5, 4, 3, 1, 6, 5, 6, 5, 6, 5, 6, 6, 5, 4, 7, 8, 7, 4, 3, 3, 4, 5, 2, 2, 5, 2, 5, 1, 2, 7, 0, 3, 0, 3, 8, 8, 7, 6, 5, 2, 1, 6, 9, 1, 6, 3, 8, 1, 6, 5, 6, 6, 5, 4, 3, 7, 4, 7, 4, 4, 3, 6, 5, 4, 3, 4, 3, 7, 4, 5, 2]
indices_g: [10, 5, 4, 3, 5, 6, 9, 6, 1, 6, 7, 4, 6, 5, 6, 5, 3, 4, 1, 2, 4, 7, 4, 3, 4, 3, 6, 9, 7, 4, 3, 8, 5, 6, 3, 8, 2, 5, 6, 5, 4, 3, 6, 5, 7, 4, 3, 8, 6, 5, 4, 7, 5, 6, 5, 6, 7, 8, 5, 6, 8, 7, 4, 7, 4, 7, 0, 7, 3, 4, 5, 6, 5, 6, 5, 2, 6, 5, 4, 3, 3, 8, 7, 4, 8, 3, 2, 5, 2, 5, 2, 5, 5, 6, 3, 4, 3, 4, 3, 4, 4, 3, 6, 1, 4, 3, 4, 3, 7, 4, 5, 6, 6, 5, 6, 5, 5, 6, 3, 4, 5, 2, 9, 6, 6, 5, 4, 3, 3, 8, 5, 2, 4, 3, 4, 3, 4, 3, 6, 1, 3, 4, 3, 8, 6, 5, 4, 3, 1, 6, 5, 6, 5, 6, 7, 4, 6, 5, 6, 5, 4, 3, 6, 5, 7, 4, 7, 4, 1, 6, 3, 4, 2, 5, 6, 5, 3, 4, 9, 6, 4, 3, 4, 3, 6, 5, 4, 3, 1, 6, 5, 6, 5, 6, 5, 6, 6, 5, 4, 7, 8, 7, 4, 3, 3, 4, 5, 2, 2, 5, 2, 5, 1, 2, 7, 0, 3, 0, 3, 8, 8, 7, 6, 5, 2, 1, 6, 9, 1, 6, 3, 8, 1, 6, 5, 6, 6, 5, 4, 3, 7, 4, 7, 4, 4, 3, 6, 5, 4, 3, 4, 3, 7, 4, 5, 2]
buckets are valid
L1: [0, 1, 2, 3, 4, 5, 6, 7, 8, 9, 10, 11, 12, 13, 14, 15, 16, 17, 18, 19, 20, 21, 22, 23, 24, 25, 26, 27, 28, 29, 30, 31, 32, 33, 34, 35, 36, 37, 38, 39, 40, 41, 42, 43, 44, 45, 46, 47, 48, 49, 50, 51, 52, 53, 54, 55, 56, 57, 58, 59, 60, 61, 62, 63, 64, 65, 66, 67, 68, 69, 70, 71, 72, 73, 74, 75, 76, 77, 78, 79, 80, 81, 82, 83, 84, 85, 86, 87, 88, 89, 90, 91, 92, 93, 94, 95, 96, 97, 98, 99, 100, 101, 102, 103, 104, 105, 106, 107, 108, 109, 110, 111, 112, 113, 114, 115, 116, 117, 118, 119, 120, 121, 122, 123, 124, 125, 126, 127, 128, 129, 130, 131, 132, 133, 134, 135, 136, 137, 138, 139, 140, 141, 142, 143, 144, 145, 146, 147, 148, 149, 150, 151, 152, 153, 154, 155, 156, 157, 158, 159, 160, 161, 162, 163, 164, 165, 166, 167, 168, 169, 170, 171, 172, 173, 174, 175, 176, 177, 178, 179, 180, 181, 182, 183, 184, 185, 186, 187, 188, 189, 190, 191, 192, 193, 194, 195, 196, 197, 198, 199, 200, 201, 202, 203, 204, 205, 206, 207, 208, 209, 210, 211, 212, 213, 214, 215, 216, 217, 218, 219, 220, 221, 222, 223, 224, 225, 226, 227, 228, 229, 230, 231, 232, 233, 234, 235, 236, 237, 238, 239, 240, 241, 242, 243, 244, 245, 246, 247, 248, 249, 250, 251, 252, 253, 254, 255]
L2: [0, 1, 2, 3, 4, 5, 6, 7, 8, 9, 10, 11, 12, 13, 14, 15, 16, 17, 18, 19, 20, 21, 22, 23, 24, 25, 26, 27, 28, 29, 30, 31, 32, 33, 34, 35, 36, 37, 38, 39, 40, 41, 42, 43, 44, 45, 46, 47, 48, 49, 50, 51, 52, 53, 54, 55, 56, 57, 58, 59, 60, 61, 62, 63, 64, 65, 66, 67, 68, 69, 70, 71, 72, 73, 74, 75, 76, 77, 78, 79, 80, 81, 82, 83, 84, 85, 86, 87, 88, 89, 90, 91, 92, 93, 94, 95, 96, 97, 98, 99, 100, 101, 102, 103, 104, 105, 106, 107, 108, 109, 110, 111, 112, 113, 114, 115, 116, 117, 118, 119, 120, 121, 122, 123, 124, 125, 126, 127, 128, 129, 130, 131, 132, 133, 134, 135, 136, 137, 138, 139, 140, 141, 142, 143, 144, 145, 146, 147, 148, 149, 150, 151, 152, 153, 154, 155, 156, 157, 158, 159, 160, 161, 162, 163, 164, 165, 166, 167, 168, 169, 170, 171, 172, 173, 174, 175, 176, 177, 178, 179, 180, 181, 182, 183, 184, 185, 186, 187, 188, 189, 190, 191, 192, 193, 194, 195, 196, 197, 198, 199, 200, 201, 202, 203, 204, 205, 206, 207, 208, 209, 210, 211, 212, 213, 214, 215, 216, 217, 218, 219, 220, 221, 222, 223, 224, 225, 226, 227, 228, 229, 230, 231, 232, 233, 234, 235, 236, 237, 238, 239, 240, 241, 242, 243, 244, 245, 246, 247, 248, 249, 250, 251, 252, 253, 254, 255]
A: [0, 0, 0, 0, 0, 0, 0, 0, 0, 0, 0, 0, 0, 0, 0, 0, 0, 0, 0, 0, 0, 0, 0, 0, 0, 0, 0, 0, 0, 0, 0, 0, 0, 0, 0, 0, 0, 0, 0, 0, 0, 0, 0, 0, 0, 0, 0, 0, 0, 0, 0, 0, 0, 0, 0, 0, 0, 0, 0, 0, 0, 0, 0, 0, 0, 0, 0, 0, 0, 0, 0, 0, 0, 0, 0, 0, 0, 0, 0, 0, 0, 0, 0, 0, 0, 0, 0, 0, 0, 0, 0, 0, 0, 0, 0, 0, 0, 0, 0, 0, 0, 0, 0, 0, 0, 0, 0, 0, 0, 0, 0, 0, 0, 0, 0, 0, 0, 0, 0, 0, 0, 0, 0, 0, 0, 0, 0, 0, 0, 0, 0, 0, 0, 0, 0, 0, 0, 0, 0, 0, 0, 0, 0, 0, 0, 0, 0, 0, 0, 0, 0, 0, 0, 0, 0, 0, 0, 0, 0, 0, 0, 0, 0, 0, 0, 0, 0, 0, 0, 0, 0, 0, 0, 0, 0, 0, 0, 0, 0, 0, 0, 0, 0, 0, 0, 0, 0, 0, 0, 0, 0, 0, 0, 0, 0, 0, 0, 0, 0, 0, 0, 0, 0, 0, 0, 0, 0, 0, 0, 0, 0, 0, 0, 0, 0, 0, 0, 0, 0, 0, 0, 0, 0, 0, 0, 0, 0, 0, 0, 0, 0, 0, 0, 0, 0, 0, 0, 0, 0, 0, 0, 0, 0, 0, 0, 0, 0, 0, 0, 0, 0, 0, 0, 0, 0, 0]


