path: all/yuyin_8_6007.tt
path: all/yuyin_8_6007.tt
buckets_f: [{121, 50, 225}, {231, 186, 102, 32, 208}, {236, 167, 63, 194, 19, 134, 214, 5, 168, 7, 165, 98, 245, 178}, {150, 151, 243, 57, 210, 161, 162, 174, 203, 107, 125, 130, 14, 59, 148, 198, 114}, {157, 36, 217, 190, 247, 85, 49, 89, 132, 144, 61, 28, 97, 207, 108, 224, 84, 188, 65, 76, 137, 218, 219, 118, 177, 179, 164, 205, 116, 248, 88, 86, 204, 30, 123}, {25, 21, 92, 155, 141, 22, 140, 72, 181, 24, 46, 124, 220, 12, 74, 172, 106, 163, 95, 1, 73, 209, 173, 80, 105, 229, 153, 104, 196, 221, 234, 255, 211, 45, 232, 127, 201, 143, 47, 112, 34, 58, 175, 94}, {62, 191, 250, 41, 99, 38, 66, 166, 40, 87, 239, 192, 227, 78, 111, 215, 29, 216, 249, 251, 146, 139, 193, 79, 133, 90, 136, 170, 48, 96, 109, 159, 135, 77, 212, 138, 17, 42, 171, 64, 67, 122, 110, 237}, {183, 44, 82, 197, 152, 142, 53, 56, 54, 182, 253, 33, 160, 200, 101, 69, 252, 129, 68, 26, 228, 113, 3, 233, 81, 83, 241, 23, 15, 103, 2, 71, 223, 128, 52, 115, 184, 202, 240, 75, 93, 100, 199, 254}, {16, 238, 176, 156, 117, 120, 158, 226, 6, 169, 189, 37, 147, 91, 195, 145, 10, 8, 246, 244, 43, 51, 213, 39, 9}, {235, 20, 149, 55, 35, 126, 70, 27, 222, 187, 185, 154, 242, 230, 131}, {11, 119, 206, 18, 60, 4}, {13, 180}, {31}, {0}]
buckets_g: [{225, 121, 50}, {231, 32, 186, 208, 102}, {168, 63, 214, 165, 245, 5, 98, 19, 194, 7, 236, 134, 167, 178}, {162, 210, 148, 203, 198, 243, 150, 161, 14, 114, 174, 130, 57, 125, 107, 151, 59}, {144, 132, 164, 89, 137, 123, 217, 86, 97, 224, 30, 157, 76, 218, 205, 36, 118, 84, 49, 219, 88, 188, 179, 190, 28, 65, 177, 247, 207, 116, 248, 85, 204, 108, 61}, {211, 12, 221, 229, 209, 22, 153, 163, 46, 58, 92, 201, 1, 173, 172, 175, 124, 80, 72, 74, 255, 196, 73, 141, 104, 143, 105, 34, 220, 140, 106, 94, 127, 232, 45, 25, 21, 234, 47, 155, 95, 181, 24, 112}, {135, 133, 79, 122, 249, 110, 166, 215, 29, 90, 251, 67, 62, 146, 78, 250, 136, 139, 191, 192, 170, 237, 109, 227, 159, 41, 66, 193, 138, 64, 77, 96, 38, 171, 111, 87, 17, 212, 42, 216, 40, 48, 239, 99}, {69, 115, 83, 33, 2, 68, 233, 71, 100, 200, 184, 3, 75, 93, 23, 15, 202, 52, 142, 53, 183, 182, 241, 82, 54, 129, 26, 81, 128, 199, 197, 113, 253, 223, 254, 240, 152, 228, 103, 101, 160, 56, 44, 252}, {9, 43, 120, 91, 169, 226, 147, 6, 10, 145, 16, 39, 51, 189, 238, 244, 213, 117, 176, 195, 37, 158, 8, 246, 156}, {35, 70, 149, 20, 235, 185, 126, 230, 222, 154, 187, 131, 27, 242, 55}, {11, 18, 4, 119, 206, 60}, {13, 180}, {31}, {0}]
indices_f: [13, 5, 7, 7, 10, 2, 8, 2, 8, 8, 8, 10, 5, 11, 3, 7, 8, 6, 10, 2, 9, 5, 5, 7, 5, 5, 7, 9, 4, 6, 4, 12, 1, 7, 5, 9, 4, 8, 6, 8, 6, 6, 6, 8, 7, 5, 5, 5, 6, 4, 0, 8, 7, 7, 7, 9, 7, 3, 5, 3, 10, 4, 6, 2, 6, 4, 6, 6, 7, 7, 9, 7, 5, 5, 5, 7, 4, 6, 6, 6, 5, 7, 7, 7, 4, 4, 4, 6, 4, 4, 6, 8, 5, 7, 5, 5, 6, 4, 2, 6, 7, 7, 1, 7, 5, 5, 5, 3, 4, 6, 6, 6, 5, 7, 3, 7, 4, 8, 4, 10, 8, 0, 6, 4, 5, 3, 9, 5, 7, 7, 3, 9, 4, 6, 2, 6, 6, 4, 6, 6, 5, 5, 7, 5, 4, 8, 6, 8, 3, 9, 3, 3, 7, 5, 9, 5, 8, 4, 8, 6, 7, 3, 3, 5, 4, 2, 6, 2, 2, 8, 6, 6, 5, 5, 3, 5, 8, 4, 2, 4, 11, 5, 7, 7, 7, 9, 1, 9, 4, 8, 4, 6, 6, 6, 2, 8, 5, 7, 3, 7, 7, 5, 7, 3, 4, 4, 10, 4, 1, 5, 3, 5, 6, 8, 2, 6, 6, 4, 4, 4, 5, 5, 9, 7, 4, 0, 8, 6, 7, 5, 9, 1, 5, 7, 5, 9, 2, 6, 8, 6, 7, 7, 9, 3, 8, 2, 8, 4, 4, 6, 6, 6, 7, 7, 7, 5]
indices_g: [13, 5, 7, 7, 10, 2, 8, 2, 8, 8, 8, 10, 5, 11, 3, 7, 8, 6, 10, 2, 9, 5, 5, 7, 5, 5, 7, 9, 4, 6, 4, 12, 1, 7, 5, 9, 4, 8, 6, 8, 6, 6, 6, 8, 7, 5, 5, 5, 6, 4, 0, 8, 7, 7, 7, 9, 7, 3, 5, 3, 10, 4, 6, 2, 6, 4, 6, 6, 7, 7, 9, 7, 5, 5, 5, 7, 4, 6, 6, 6, 5, 7, 7, 7, 4, 4, 4, 6, 4, 4, 6, 8, 5, 7, 5, 5, 6, 4, 2, 6, 7, 7, 1, 7, 5, 5, 5, 3, 4, 6, 6, 6, 5, 7, 3, 7, 4, 8, 4, 10, 8, 0, 6, 4, 5, 3, 9, 5, 7, 7, 3, 9, 4, 6, 2, 6, 6, 4, 6, 6, 5, 5, 7, 5, 4, 8, 6, 8, 3, 9, 3, 3, 7, 5, 9, 5, 8, 4, 8, 6, 7, 3, 3, 5, 4, 2, 6, 2, 2, 8, 6, 6, 5, 5, 3, 5, 8, 4, 2, 4, 11, 5, 7, 7, 7, 9, 1, 9, 4, 8, 4, 6, 6, 6, 2, 8, 5, 7, 3, 7, 7, 5, 7, 3, 4, 4, 10, 4, 1, 5, 3, 5, 6, 8, 2, 6, 6, 4, 4, 4, 5, 5, 9, 7, 4, 0, 8, 6, 7, 5, 9, 1, 5, 7, 5, 9, 2, 6, 8, 6, 7, 7, 9, 3, 8, 2, 8, 4, 4, 6, 6, 6, 7, 7, 7, 5]
buckets are valid
L1: [0, 1, 2, 3, 4, 5, 6, 7, 8, 9, 10, 11, 12, 13, 14, 15, 16, 17, 18, 19, 20, 21, 22, 23, 24, 25, 26, 27, 28, 29, 30, 31, 32, 33, 34, 35, 36, 37, 38, 39, 40, 41, 42, 43, 44, 45, 46, 47, 48, 49, 50, 51, 52, 53, 54, 55, 56, 57, 58, 59, 60, 61, 62, 63, 64, 65, 66, 67, 68, 69, 70, 71, 72, 73, 74, 75, 76, 77, 78, 79, 80, 81, 82, 83, 84, 85, 86, 87, 88, 89, 90, 91, 92, 93, 94, 95, 96, 97, 98, 99, 100, 101, 102, 103, 104, 105, 106, 107, 108, 109, 110, 111, 112, 113, 114, 115, 116, 117, 118, 119, 120, 121, 122, 123, 124, 125, 126, 127, 128, 129, 130, 131, 132, 133, 134, 135, 136, 137, 138, 139, 140, 141, 142, 143, 144, 145, 146, 147, 148, 149, 150, 151, 152, 153, 154, 155, 156, 157, 158, 159, 160, 161, 162, 163, 164, 165, 166, 167, 168, 169, 170, 171, 172, 173, 174, 175, 176, 177, 178, 179, 180, 181, 182, 183, 184, 185, 186, 187, 188, 189, 190, 191, 192, 193, 194, 195, 196, 197, 198, 199, 200, 201, 202, 203, 204, 205, 206, 207, 208, 209, 210, 211, 212, 213, 214, 215, 216, 217, 218, 219, 220, 221, 222, 223, 224, 225, 226, 227, 228, 229, 230, 231, 232, 233, 234, 235, 236, 237, 238, 239, 240, 241, 242, 243, 244, 245, 246, 247, 248, 249, 250, 251, 252, 253, 254, 255]
L2: [0, 1, 2, 3, 4, 5, 6, 7, 8, 9, 10, 11, 12, 13, 14, 15, 16, 17, 18, 19, 20, 21, 22, 23, 24, 25, 26, 27, 28, 29, 30, 31, 32, 33, 34, 35, 36, 37, 38, 39, 40, 41, 42, 43, 44, 45, 46, 47, 48, 49, 50, 51, 52, 53, 54, 55, 56, 57, 58, 59, 60, 61, 62, 63, 64, 65, 66, 67, 68, 69, 70, 71, 72, 73, 74, 75, 76, 77, 78, 79, 80, 81, 82, 83, 84, 85, 86, 87, 88, 89, 90, 91, 92, 93, 94, 95, 96, 97, 98, 99, 100, 101, 102, 103, 104, 105, 106, 107, 108, 109, 110, 111, 112, 113, 114, 115, 116, 117, 118, 119, 120, 121, 122, 123, 124, 125, 126, 127, 128, 129, 130, 131, 132, 133, 134, 135, 136, 137, 138, 139, 140, 141, 142, 143, 144, 145, 146, 147, 148, 149, 150, 151, 152, 153, 154, 155, 156, 157, 158, 159, 160, 161, 162, 163, 164, 165, 166, 167, 168, 169, 170, 171, 172, 173, 174, 175, 176, 177, 178, 179, 180, 181, 182, 183, 184, 185, 186, 187, 188, 189, 190, 191, 192, 193, 194, 195, 196, 197, 198, 199, 200, 201, 202, 203, 204, 205, 206, 207, 208, 209, 210, 211, 212, 213, 214, 215, 216, 217, 218, 219, 220, 221, 222, 223, 224, 225, 226, 227, 228, 229, 230, 231, 232, 233, 234, 235, 236, 237, 238, 239, 240, 241, 242, 243, 244, 245, 246, 247, 248, 249, 250, 251, 252, 253, 254, 255]
A: [0, 0, 0, 0, 0, 0, 0, 0, 0, 0, 0, 0, 0, 0, 0, 0, 0, 0, 0, 0, 0, 0, 0, 0, 0, 0, 0, 0, 0, 0, 0, 0, 0, 0, 0, 0, 0, 0, 0, 0, 0, 0, 0, 0, 0, 0, 0, 0, 0, 0, 0, 0, 0, 0, 0, 0, 0, 0, 0, 0, 0, 0, 0, 0, 0, 0, 0, 0, 0, 0, 0, 0, 0, 0, 0, 0, 0, 0, 0, 0, 0, 0, 0, 0, 0, 0, 0, 0, 0, 0, 0, 0, 0, 0, 0, 0, 0, 0, 0, 0, 0, 0, 0, 0, 0, 0, 0, 0, 0, 0, 0, 0, 0, 0, 0, 0, 0, 0, 0, 0, 0, 0, 0, 0, 0, 0, 0, 0, 0, 0, 0, 0, 0, 0, 0, 0, 0, 0, 0, 0, 0, 0, 0, 0, 0, 0, 0, 0, 0, 0, 0, 0, 0, 0, 0, 0, 0, 0, 0, 0, 0, 0, 0, 0, 0, 0, 0, 0, 0, 0, 0, 0, 0, 0, 0, 0, 0, 0, 0, 0, 0, 0, 0, 0, 0, 0, 0, 0, 0, 0, 0, 0, 0, 0, 0, 0, 0, 0, 0, 0, 0, 0, 0, 0, 0, 0, 0, 0, 0, 0, 0, 0, 0, 0, 0, 0, 0, 0, 0, 0, 0, 0, 0, 0, 0, 0, 0, 0, 0, 0, 0, 0, 0, 0, 0, 0, 0, 0, 0, 0, 0, 0, 0, 0, 0, 0, 0, 0, 0, 0, 0, 0, 0, 0, 0, 0]


