path: all/yuyin_8_6633.tt
path: all/yuyin_8_6633.tt
buckets_f: [{230, 195}, {121, 3}, {254, 2, 50, 23, 114, 123, 49, 34, 107, 196, 81, 171}, {160, 245, 22, 182, 236, 60, 12, 243, 179, 234, 144}, {212, 155, 139, 180, 247, 187, 56, 235, 84, 78, 125, 158, 36, 174, 152, 8, 110, 20, 33, 82, 205, 200, 18, 146, 129, 232, 98, 30, 77, 72, 142, 4, 59, 177, 222, 27, 13, 75}, {163, 15, 63, 37, 101, 44, 204, 202, 211, 249, 32, 213, 10, 191, 96, 115, 137, 86, 57, 175, 76, 127, 118, 19, 5, 105, 138, 250, 69, 223, 48, 128, 169, 53, 166, 207, 197, 106, 85, 233, 67, 99, 143, 149, 224, 188, 47, 156, 102, 239}, {55, 52, 17, 184, 161, 45, 120, 94, 238, 141, 248, 237, 136, 61, 226, 24, 162, 164, 71, 183, 97, 68, 1, 203, 190, 178, 210, 87, 91, 151, 119, 231, 39, 228, 100, 29, 244, 167, 109, 130, 206, 132, 209, 148, 168, 62, 43, 225, 194, 113}, {25, 165, 181, 172, 176, 108, 214, 111, 6, 246, 95, 80, 227, 28, 26, 133, 255, 79, 217, 9, 83, 89, 117, 41, 170, 70, 240, 208, 150, 112, 192, 64, 92, 54, 186, 42, 51, 252, 21, 134, 58, 220, 124, 154, 122, 31, 185, 159, 90, 74}, {173, 66, 93, 14, 215, 157, 253, 199, 251, 103, 88, 145, 242, 104, 46, 7, 40, 221, 126, 11, 193, 189, 219, 65, 135, 216}, {218, 73, 16, 229, 38, 35, 198, 140, 153, 131, 147, 201}, {241, 116}, {0}]
buckets_g: [{195, 230}, {3, 121}, {254, 49, 123, 114, 2, 23, 50, 171, 34, 196, 107, 81}, {182, 236, 60, 144, 160, 243, 22, 179, 12, 234, 245}, {205, 174, 4, 84, 110, 8, 59, 155, 139, 180, 98, 77, 75, 158, 30, 56, 82, 36, 177, 235, 232, 212, 152, 142, 187, 72, 27, 222, 20, 33, 125, 247, 129, 78, 13, 18, 200, 146}, {138, 76, 86, 249, 48, 191, 101, 204, 102, 224, 137, 19, 37, 57, 156, 175, 118, 250, 47, 63, 202, 32, 143, 106, 115, 211, 188, 10, 233, 213, 166, 169, 5, 15, 239, 207, 127, 85, 149, 69, 163, 53, 99, 128, 67, 105, 197, 44, 223, 96}, {113, 91, 17, 24, 194, 209, 29, 244, 226, 210, 52, 161, 62, 132, 248, 136, 167, 228, 43, 97, 168, 87, 61, 238, 184, 1, 39, 119, 68, 130, 120, 225, 164, 55, 206, 162, 183, 148, 45, 151, 231, 237, 203, 100, 94, 178, 71, 141, 109, 190}, {133, 252, 246, 150, 28, 124, 214, 108, 185, 21, 74, 26, 111, 217, 122, 51, 31, 154, 89, 227, 6, 186, 79, 220, 42, 54, 25, 83, 159, 90, 181, 172, 41, 176, 70, 117, 165, 208, 58, 64, 134, 92, 95, 240, 192, 170, 80, 9, 255, 112}, {219, 7, 157, 251, 173, 46, 199, 93, 215, 193, 216, 88, 14, 221, 104, 242, 145, 135, 126, 103, 66, 40, 65, 253, 189, 11}, {229, 73, 147, 131, 38, 16, 218, 153, 201, 140, 198, 35}, {116, 241}, {0}]
indices_f: [11, 6, 2, 1, 4, 5, 7, 8, 4, 7, 5, 8, 3, 4, 8, 5, 9, 6, 4, 5, 4, 7, 3, 2, 6, 7, 7, 4, 7, 6, 4, 7, 5, 4, 2, 9, 4, 5, 9, 6, 8, 7, 7, 6, 5, 6, 8, 5, 5, 2, 2, 7, 6, 5, 7, 6, 4, 5, 7, 4, 3, 6, 6, 5, 7, 8, 8, 5, 6, 5, 7, 6, 4, 9, 7, 4, 5, 4, 4, 7, 7, 2, 4, 7, 4, 5, 5, 6, 8, 7, 7, 6, 7, 8, 6, 7, 5, 6, 4, 5, 6, 5, 5, 8, 8, 5, 5, 2, 7, 6, 4, 7, 7, 6, 2, 5, 10, 7, 5, 6, 6, 1, 7, 2, 7, 4, 8, 5, 5, 4, 6, 9, 6, 7, 7, 8, 6, 5, 5, 4, 9, 6, 4, 5, 3, 8, 4, 9, 6, 5, 7, 6, 4, 9, 7, 4, 5, 8, 4, 7, 3, 6, 6, 5, 6, 7, 5, 6, 6, 5, 7, 2, 7, 8, 4, 5, 7, 4, 6, 3, 4, 7, 3, 6, 6, 7, 7, 4, 5, 8, 6, 5, 7, 8, 6, 0, 2, 5, 9, 8, 4, 9, 5, 6, 5, 4, 6, 5, 7, 6, 6, 5, 4, 5, 7, 8, 8, 7, 9, 8, 7, 8, 4, 5, 5, 6, 6, 7, 6, 9, 0, 6, 4, 5, 3, 4, 3, 6, 6, 5, 7, 10, 8, 3, 6, 3, 7, 4, 6, 5, 5, 8, 7, 8, 2, 7]
indices_g: [11, 6, 2, 1, 4, 5, 7, 8, 4, 7, 5, 8, 3, 4, 8, 5, 9, 6, 4, 5, 4, 7, 3, 2, 6, 7, 7, 4, 7, 6, 4, 7, 5, 4, 2, 9, 4, 5, 9, 6, 8, 7, 7, 6, 5, 6, 8, 5, 5, 2, 2, 7, 6, 5, 7, 6, 4, 5, 7, 4, 3, 6, 6, 5, 7, 8, 8, 5, 6, 5, 7, 6, 4, 9, 7, 4, 5, 4, 4, 7, 7, 2, 4, 7, 4, 5, 5, 6, 8, 7, 7, 6, 7, 8, 6, 7, 5, 6, 4, 5, 6, 5, 5, 8, 8, 5, 5, 2, 7, 6, 4, 7, 7, 6, 2, 5, 10, 7, 5, 6, 6, 1, 7, 2, 7, 4, 8, 5, 5, 4, 6, 9, 6, 7, 7, 8, 6, 5, 5, 4, 9, 6, 4, 5, 3, 8, 4, 9, 6, 5, 7, 6, 4, 9, 7, 4, 5, 8, 4, 7, 3, 6, 6, 5, 6, 7, 5, 6, 6, 5, 7, 2, 7, 8, 4, 5, 7, 4, 6, 3, 4, 7, 3, 6, 6, 7, 7, 4, 5, 8, 6, 5, 7, 8, 6, 0, 2, 5, 9, 8, 4, 9, 5, 6, 5, 4, 6, 5, 7, 6, 6, 5, 4, 5, 7, 8, 8, 7, 9, 8, 7, 8, 4, 5, 5, 6, 6, 7, 6, 9, 0, 6, 4, 5, 3, 4, 3, 6, 6, 5, 7, 10, 8, 3, 6, 3, 7, 4, 6, 5, 5, 8, 7, 8, 2, 7]
buckets are valid
L1: [0, 1, 2, 3, 4, 5, 6, 7, 8, 9, 10, 11, 12, 13, 14, 15, 16, 17, 18, 19, 20, 21, 22, 23, 24, 25, 26, 27, 28, 29, 30, 31, 32, 33, 34, 35, 36, 37, 38, 39, 40, 41, 42, 43, 44, 45, 46, 47, 48, 49, 50, 51, 52, 53, 54, 55, 56, 57, 58, 59, 60, 61, 62, 63, 64, 65, 66, 67, 68, 69, 70, 71, 72, 73, 74, 75, 76, 77, 78, 79, 80, 81, 82, 83, 84, 85, 86, 87, 88, 89, 90, 91, 92, 93, 94, 95, 96, 97, 98, 99, 100, 101, 102, 103, 104, 105, 106, 107, 108, 109, 110, 111, 112, 113, 114, 115, 116, 117, 118, 119, 120, 121, 122, 123, 124, 125, 126, 127, 128, 129, 130, 131, 132, 133, 134, 135, 136, 137, 138, 139, 140, 141, 142, 143, 144, 145, 146, 147, 148, 149, 150, 151, 152, 153, 154, 155, 156, 157, 158, 159, 160, 161, 162, 163, 164, 165, 166, 167, 168, 169, 170, 171, 172, 173, 174, 175, 176, 177, 178, 179, 180, 181, 182, 183, 184, 185, 186, 187, 188, 189, 190, 191, 192, 193, 194, 195, 196, 197, 198, 199, 200, 201, 202, 203, 204, 205, 206, 207, 208, 209, 210, 211, 212, 213, 214, 215, 216, 217, 218, 219, 220, 221, 222, 223, 224, 225, 226, 227, 228, 229, 230, 231, 232, 233, 234, 235, 236, 237, 238, 239, 240, 241, 242, 243, 244, 245, 246, 247, 248, 249, 250, 251, 252, 253, 254, 255]
L2: [0, 1, 2, 3, 4, 5, 6, 7, 8, 9, 10, 11, 12, 13, 14, 15, 16, 17, 18, 19, 20, 21, 22, 23, 24, 25, 26, 27, 28, 29, 30, 31, 32, 33, 34, 35, 36, 37, 38, 39, 40, 41, 42, 43, 44, 45, 46, 47, 48, 49, 50, 51, 52, 53, 54, 55, 56, 57, 58, 59, 60, 61, 62, 63, 64, 65, 66, 67, 68, 69, 70, 71, 72, 73, 74, 75, 76, 77, 78, 79, 80, 81, 82, 83, 84, 85, 86, 87, 88, 89, 90, 91, 92, 93, 94, 95, 96, 97, 98, 99, 100, 101, 102, 103, 104, 105, 106, 107, 108, 109, 110, 111, 112, 113, 114, 115, 116, 117, 118, 119, 120, 121, 122, 123, 124, 125, 126, 127, 128, 129, 130, 131, 132, 133, 134, 135, 136, 137, 138, 139, 140, 141, 142, 143, 144, 145, 146, 147, 148, 149, 150, 151, 152, 153, 154, 155, 156, 157, 158, 159, 160, 161, 162, 163, 164, 165, 166, 167, 168, 169, 170, 171, 172, 173, 174, 175, 176, 177, 178, 179, 180, 181, 182, 183, 184, 185, 186, 187, 188, 189, 190, 191, 192, 193, 194, 195, 196, 197, 198, 199, 200, 201, 202, 203, 204, 205, 206, 207, 208, 209, 210, 211, 212, 213, 214, 215, 216, 217, 218, 219, 220, 221, 222, 223, 224, 225, 226, 227, 228, 229, 230, 231, 232, 233, 234, 235, 236, 237, 238, 239, 240, 241, 242, 243, 244, 245, 246, 247, 248, 249, 250, 251, 252, 253, 254, 255]
A: [0, 0, 0, 0, 0, 0, 0, 0, 0, 0, 0, 0, 0, 0, 0, 0, 0, 0, 0, 0, 0, 0, 0, 0, 0, 0, 0, 0, 0, 0, 0, 0, 0, 0, 0, 0, 0, 0, 0, 0, 0, 0, 0, 0, 0, 0, 0, 0, 0, 0, 0, 0, 0, 0, 0, 0, 0, 0, 0, 0, 0, 0, 0, 0, 0, 0, 0, 0, 0, 0, 0, 0, 0, 0, 0, 0, 0, 0, 0, 0, 0, 0, 0, 0, 0, 0, 0, 0, 0, 0, 0, 0, 0, 0, 0, 0, 0, 0, 0, 0, 0, 0, 0, 0, 0, 0, 0, 0, 0, 0, 0, 0, 0, 0, 0, 0, 0, 0, 0, 0, 0, 0, 0, 0, 0, 0, 0, 0, 0, 0, 0, 0, 0, 0, 0, 0, 0, 0, 0, 0, 0, 0, 0, 0, 0, 0, 0, 0, 0, 0, 0, 0, 0, 0, 0, 0, 0, 0, 0, 0, 0, 0, 0, 0, 0, 0, 0, 0, 0, 0, 0, 0, 0, 0, 0, 0, 0, 0, 0, 0, 0, 0, 0, 0, 0, 0, 0, 0, 0, 0, 0, 0, 0, 0, 0, 0, 0, 0, 0, 0, 0, 0, 0, 0, 0, 0, 0, 0, 0, 0, 0, 0, 0, 0, 0, 0, 0, 0, 0, 0, 0, 0, 0, 0, 0, 0, 0, 0, 0, 0, 0, 0, 0, 0, 0, 0, 0, 0, 0, 0, 0, 0, 0, 0, 0, 0, 0, 0, 0, 0, 0, 0, 0, 0, 0, 0]


