path: all/yuyin2_109.tt
path: all/yuyin2_109.tt
buckets_f: [{34, 91}, {29, 150, 51, 217, 112, 176, 19, 146, 118, 231, 114}, {44, 69, 163, 40, 111, 8, 36, 210, 139, 252, 99, 89, 24, 224, 129, 194, 109, 155, 226, 121, 208, 127}, {148, 219, 221, 128, 122, 243, 132, 102, 106, 247, 164, 120, 57, 142, 3, 195, 239, 53, 130, 170, 124, 33, 237, 186, 190, 138, 47, 55, 172, 213, 90, 104, 199, 168}, {115, 81, 119, 220, 20, 137, 123, 103, 101, 85, 189, 32, 206, 62, 187, 147, 175, 232, 56, 169, 95, 6, 238, 75, 191, 151, 131, 214, 157, 105, 30, 54, 240, 234, 46, 173, 87, 254, 179, 246, 161, 12, 149, 230, 196, 65, 93, 58}, {76, 23, 229, 178, 253, 25, 140, 225, 144, 162, 64, 126, 35, 39, 100, 188, 180, 37, 174, 255, 86, 1, 92, 31, 108, 43, 11, 96, 7, 233, 156, 98, 66, 203, 15, 5, 160, 21, 70, 166, 193, 74, 13, 154, 72, 59, 61, 134}, {26, 177, 83, 167, 50, 71, 250, 198, 67, 14, 222, 204, 171, 52, 135, 22, 244, 125, 143, 4, 200, 181, 141, 228, 42, 2, 107, 10, 48, 145, 192, 185, 28, 218, 133, 18, 212, 73, 165, 202, 60, 77, 79, 216, 16, 183, 113, 236}, {215, 235, 116, 82, 251, 197, 207, 17, 110, 88, 184, 49, 45, 84, 245, 201, 136, 227, 68, 205, 182, 209, 223, 80, 9, 94, 78, 41, 27, 158}, {153, 97, 159, 242, 117, 38}, {63, 249, 211, 241, 152}, {248}, {0}]
buckets_g: [{91, 34}, {19, 176, 150, 51, 217, 29, 114, 146, 231, 118, 112}, {36, 89, 252, 44, 226, 224, 127, 109, 99, 210, 111, 8, 155, 208, 194, 121, 139, 129, 69, 163, 40, 24}, {195, 247, 102, 142, 138, 132, 128, 186, 243, 57, 33, 199, 164, 190, 172, 124, 55, 221, 90, 120, 148, 104, 53, 47, 239, 170, 168, 237, 130, 3, 219, 122, 106, 213}, {151, 157, 189, 179, 246, 232, 238, 254, 230, 173, 196, 93, 20, 175, 149, 54, 56, 75, 103, 95, 191, 123, 12, 30, 81, 105, 220, 161, 187, 214, 6, 87, 240, 62, 115, 65, 85, 101, 131, 206, 46, 169, 119, 58, 234, 147, 137, 32}, {64, 100, 154, 86, 31, 7, 70, 13, 160, 37, 255, 144, 229, 23, 126, 1, 166, 25, 59, 188, 11, 35, 180, 140, 43, 39, 21, 92, 108, 225, 203, 74, 134, 76, 5, 193, 174, 253, 72, 233, 61, 156, 96, 98, 66, 15, 178, 162}, {165, 183, 167, 218, 236, 48, 181, 107, 60, 212, 216, 250, 77, 79, 171, 222, 42, 177, 16, 14, 204, 67, 2, 133, 10, 135, 198, 22, 52, 244, 125, 26, 18, 143, 185, 83, 113, 28, 71, 4, 200, 50, 141, 228, 145, 202, 73, 192}, {41, 201, 49, 68, 197, 84, 251, 245, 88, 78, 94, 184, 80, 116, 45, 182, 110, 205, 158, 223, 207, 17, 136, 235, 82, 215, 227, 209, 9, 27}, {97, 159, 153, 242, 117, 38}, {63, 241, 152, 249, 211}, {248}, {0}]
indices_f: [11, 5, 6, 3, 6, 5, 4, 5, 2, 7, 6, 5, 4, 5, 6, 5, 6, 7, 6, 1, 4, 5, 6, 5, 2, 5, 6, 7, 6, 1, 4, 5, 4, 3, 0, 5, 2, 5, 8, 5, 2, 7, 6, 5, 2, 7, 4, 3, 6, 7, 6, 1, 6, 3, 4, 3, 4, 3, 4, 5, 6, 5, 4, 9, 5, 4, 5, 6, 7, 2, 5, 6, 5, 6, 5, 4, 5, 6, 7, 6, 7, 4, 7, 6, 7, 4, 5, 4, 7, 2, 3, 0, 5, 4, 7, 4, 5, 8, 5, 2, 5, 4, 3, 4, 3, 4, 3, 6, 5, 2, 7, 2, 1, 6, 1, 4, 7, 8, 1, 4, 3, 2, 3, 4, 3, 6, 5, 2, 3, 2, 3, 4, 3, 6, 5, 6, 7, 4, 3, 2, 5, 6, 3, 6, 5, 6, 1, 4, 3, 4, 1, 4, 9, 8, 5, 2, 5, 4, 7, 8, 5, 4, 5, 2, 3, 6, 5, 6, 3, 4, 3, 6, 3, 4, 5, 4, 1, 6, 5, 4, 5, 6, 7, 6, 7, 6, 3, 4, 5, 4, 3, 4, 6, 5, 2, 3, 4, 7, 6, 3, 6, 7, 6, 5, 6, 7, 4, 7, 2, 7, 2, 9, 6, 3, 4, 7, 6, 1, 6, 3, 4, 3, 6, 7, 2, 5, 2, 7, 6, 5, 4, 1, 4, 5, 4, 7, 6, 3, 4, 3, 4, 9, 8, 3, 6, 7, 4, 3, 10, 9, 6, 7, 2, 5, 4, 5]
indices_g: [11, 5, 6, 3, 6, 5, 4, 5, 2, 7, 6, 5, 4, 5, 6, 5, 6, 7, 6, 1, 4, 5, 6, 5, 2, 5, 6, 7, 6, 1, 4, 5, 4, 3, 0, 5, 2, 5, 8, 5, 2, 7, 6, 5, 2, 7, 4, 3, 6, 7, 6, 1, 6, 3, 4, 3, 4, 3, 4, 5, 6, 5, 4, 9, 5, 4, 5, 6, 7, 2, 5, 6, 5, 6, 5, 4, 5, 6, 7, 6, 7, 4, 7, 6, 7, 4, 5, 4, 7, 2, 3, 0, 5, 4, 7, 4, 5, 8, 5, 2, 5, 4, 3, 4, 3, 4, 3, 6, 5, 2, 7, 2, 1, 6, 1, 4, 7, 8, 1, 4, 3, 2, 3, 4, 3, 6, 5, 2, 3, 2, 3, 4, 3, 6, 5, 6, 7, 4, 3, 2, 5, 6, 3, 6, 5, 6, 1, 4, 3, 4, 1, 4, 9, 8, 5, 2, 5, 4, 7, 8, 5, 4, 5, 2, 3, 6, 5, 6, 3, 4, 3, 6, 3, 4, 5, 4, 1, 6, 5, 4, 5, 6, 7, 6, 7, 6, 3, 4, 5, 4, 3, 4, 6, 5, 2, 3, 4, 7, 6, 3, 6, 7, 6, 5, 6, 7, 4, 7, 2, 7, 2, 9, 6, 3, 4, 7, 6, 1, 6, 3, 4, 3, 6, 7, 2, 5, 2, 7, 6, 5, 4, 1, 4, 5, 4, 7, 6, 3, 4, 3, 4, 9, 8, 3, 6, 7, 4, 3, 10, 9, 6, 7, 2, 5, 4, 5]
buckets are valid
L1: [0, 1, 2, 3, 4, 5, 6, 7, 8, 9, 10, 11, 12, 13, 14, 15, 16, 17, 18, 19, 20, 21, 22, 23, 24, 25, 26, 27, 28, 29, 30, 31, 32, 33, 34, 35, 36, 37, 38, 39, 40, 41, 42, 43, 44, 45, 46, 47, 48, 49, 50, 51, 52, 53, 54, 55, 56, 57, 58, 59, 60, 61, 62, 63, 64, 65, 66, 67, 68, 69, 70, 71, 72, 73, 74, 75, 76, 77, 78, 79, 80, 81, 82, 83, 84, 85, 86, 87, 88, 89, 90, 91, 92, 93, 94, 95, 96, 97, 98, 99, 100, 101, 102, 103, 104, 105, 106, 107, 108, 109, 110, 111, 112, 113, 114, 115, 116, 117, 118, 119, 120, 121, 122, 123, 124, 125, 126, 127, 128, 129, 130, 131, 132, 133, 134, 135, 136, 137, 138, 139, 140, 141, 142, 143, 144, 145, 146, 147, 148, 149, 150, 151, 152, 153, 154, 155, 156, 157, 158, 159, 160, 161, 162, 163, 164, 165, 166, 167, 168, 169, 170, 171, 172, 173, 174, 175, 176, 177, 178, 179, 180, 181, 182, 183, 184, 185, 186, 187, 188, 189, 190, 191, 192, 193, 194, 195, 196, 197, 198, 199, 200, 201, 202, 203, 204, 205, 206, 207, 208, 209, 210, 211, 212, 213, 214, 215, 216, 217, 218, 219, 220, 221, 222, 223, 224, 225, 226, 227, 228, 229, 230, 231, 232, 233, 234, 235, 236, 237, 238, 239, 240, 241, 242, 243, 244, 245, 246, 247, 248, 249, 250, 251, 252, 253, 254, 255]
L2: [0, 1, 2, 3, 4, 5, 6, 7, 8, 9, 10, 11, 12, 13, 14, 15, 16, 17, 18, 19, 20, 21, 22, 23, 24, 25, 26, 27, 28, 29, 30, 31, 32, 33, 34, 35, 36, 37, 38, 39, 40, 41, 42, 43, 44, 45, 46, 47, 48, 49, 50, 51, 52, 53, 54, 55, 56, 57, 58, 59, 60, 61, 62, 63, 64, 65, 66, 67, 68, 69, 70, 71, 72, 73, 74, 75, 76, 77, 78, 79, 80, 81, 82, 83, 84, 85, 86, 87, 88, 89, 90, 91, 92, 93, 94, 95, 96, 97, 98, 99, 100, 101, 102, 103, 104, 105, 106, 107, 108, 109, 110, 111, 112, 113, 114, 115, 116, 117, 118, 119, 120, 121, 122, 123, 124, 125, 126, 127, 128, 129, 130, 131, 132, 133, 134, 135, 136, 137, 138, 139, 140, 141, 142, 143, 144, 145, 146, 147, 148, 149, 150, 151, 152, 153, 154, 155, 156, 157, 158, 159, 160, 161, 162, 163, 164, 165, 166, 167, 168, 169, 170, 171, 172, 173, 174, 175, 176, 177, 178, 179, 180, 181, 182, 183, 184, 185, 186, 187, 188, 189, 190, 191, 192, 193, 194, 195, 196, 197, 198, 199, 200, 201, 202, 203, 204, 205, 206, 207, 208, 209, 210, 211, 212, 213, 214, 215, 216, 217, 218, 219, 220, 221, 222, 223, 224, 225, 226, 227, 228, 229, 230, 231, 232, 233, 234, 235, 236, 237, 238, 239, 240, 241, 242, 243, 244, 245, 246, 247, 248, 249, 250, 251, 252, 253, 254, 255]
A: [0, 0, 0, 0, 0, 0, 0, 0, 0, 0, 0, 0, 0, 0, 0, 0, 0, 0, 0, 0, 0, 0, 0, 0, 0, 0, 0, 0, 0, 0, 0, 0, 0, 0, 0, 0, 0, 0, 0, 0, 0, 0, 0, 0, 0, 0, 0, 0, 0, 0, 0, 0, 0, 0, 0, 0, 0, 0, 0, 0, 0, 0, 0, 0, 0, 0, 0, 0, 0, 0, 0, 0, 0, 0, 0, 0, 0, 0, 0, 0, 0, 0, 0, 0, 0, 0, 0, 0, 0, 0, 0, 0, 0, 0, 0, 0, 0, 0, 0, 0, 0, 0, 0, 0, 0, 0, 0, 0, 0, 0, 0, 0, 0, 0, 0, 0, 0, 0, 0, 0, 0, 0, 0, 0, 0, 0, 0, 0, 0, 0, 0, 0, 0, 0, 0, 0, 0, 0, 0, 0, 0, 0, 0, 0, 0, 0, 0, 0, 0, 0, 0, 0, 0, 0, 0, 0, 0, 0, 0, 0, 0, 0, 0, 0, 0, 0, 0, 0, 0, 0, 0, 0, 0, 0, 0, 0, 0, 0, 0, 0, 0, 0, 0, 0, 0, 0, 0, 0, 0, 0, 0, 0, 0, 0, 0, 0, 0, 0, 0, 0, 0, 0, 0, 0, 0, 0, 0, 0, 0, 0, 0, 0, 0, 0, 0, 0, 0, 0, 0, 0, 0, 0, 0, 0, 0, 0, 0, 0, 0, 0, 0, 0, 0, 0, 0, 0, 0, 0, 0, 0, 0, 0, 0, 0, 0, 0, 0, 0, 0, 0, 0, 0, 0, 0, 0, 0]


