path: all/yuyin_8_5349.tt
path: all/yuyin_8_5349.tt
buckets_f: [{139}, {150, 205}, {229, 230, 177, 13, 181, 165, 152}, {101, 23, 176, 231, 50, 57, 213, 110, 217, 95, 118, 109, 163, 224, 201, 106, 11, 71, 239, 158, 183, 255, 12, 171}, {124, 250, 174, 36, 143, 81, 254, 77, 136, 32, 195, 100, 17, 5, 192, 66, 30, 155, 73, 128, 249, 115, 161, 211, 51, 52, 147, 196, 148, 2, 131, 119, 96, 189, 223, 93, 21, 127}, {146, 191, 154, 72, 42, 145, 214, 198, 105, 15, 121, 125, 206, 179, 210, 157, 222, 232, 209, 122, 76, 83, 28, 4, 46, 53, 88, 117, 98, 164, 202, 68, 137, 134, 34, 193, 31, 188, 129, 75, 197, 228, 62, 133, 45, 153}, {241, 89, 86, 65, 14, 245, 60, 185, 207, 199, 156, 170, 9, 162, 39, 135, 1, 200, 238, 48, 190, 29, 166, 144, 253, 56, 186, 22, 107, 74, 94, 63, 140, 178, 226, 242, 159, 219, 103, 104, 111, 112, 233, 44, 123, 208}, {114, 240, 184, 87, 58, 138, 16, 80, 64, 252, 251, 49, 84, 142, 24, 37, 168, 54, 97, 227, 244, 38, 7, 149, 180, 33, 194, 247, 92, 67, 172, 91, 102, 20, 167, 61, 130, 221, 3, 79, 41, 126, 8, 218, 141, 160}, {225, 246, 216, 82, 212, 43, 10, 169, 99, 40, 182, 151, 85, 6, 215, 116, 120, 47, 55, 204, 132, 26, 18, 220, 59, 173, 70, 108, 78, 234, 25, 35, 69}, {187, 19, 235, 236, 243, 248, 27, 175}, {237, 90, 203}, {113}, {0}]
buckets_g: [{139}, {150, 205}, {13, 181, 229, 177, 230, 152, 165}, {101, 71, 176, 239, 255, 224, 106, 118, 95, 217, 213, 201, 183, 109, 231, 163, 23, 110, 171, 57, 12, 50, 158, 11}, {77, 17, 21, 119, 136, 223, 195, 254, 192, 96, 73, 250, 147, 127, 30, 115, 143, 36, 93, 189, 211, 2, 196, 52, 131, 32, 5, 128, 81, 66, 51, 155, 174, 161, 148, 249, 124, 100}, {62, 137, 75, 68, 133, 134, 98, 154, 121, 129, 4, 202, 42, 222, 53, 232, 83, 153, 164, 46, 72, 45, 198, 145, 210, 214, 88, 15, 117, 193, 31, 206, 125, 122, 105, 197, 34, 191, 157, 28, 209, 146, 228, 76, 179, 188}, {1, 63, 178, 144, 56, 111, 185, 226, 190, 39, 44, 94, 219, 14, 48, 86, 156, 74, 159, 208, 238, 166, 103, 186, 253, 22, 89, 245, 242, 140, 170, 107, 199, 241, 123, 200, 112, 233, 104, 162, 207, 29, 9, 135, 60, 65}, {97, 227, 84, 142, 49, 194, 20, 240, 87, 141, 218, 114, 8, 244, 130, 138, 160, 149, 7, 247, 37, 3, 184, 251, 172, 24, 16, 102, 61, 38, 41, 221, 126, 180, 252, 80, 67, 58, 168, 91, 167, 33, 92, 54, 79, 64}, {6, 120, 25, 47, 10, 69, 40, 18, 43, 215, 132, 173, 78, 116, 234, 204, 82, 169, 182, 99, 26, 35, 85, 216, 108, 70, 151, 59, 225, 55, 220, 246, 212}, {235, 248, 243, 236, 175, 19, 27, 187}, {237, 90, 203}, {113}, {0}]
indices_f: [12, 6, 4, 7, 5, 4, 8, 7, 7, 6, 8, 3, 3, 2, 6, 5, 7, 4, 8, 9, 7, 4, 6, 3, 7, 8, 8, 9, 5, 6, 4, 5, 4, 7, 5, 8, 4, 7, 7, 6, 8, 7, 5, 8, 6, 5, 5, 8, 6, 7, 3, 4, 4, 5, 7, 8, 6, 3, 7, 8, 6, 7, 5, 6, 7, 6, 4, 7, 5, 8, 8, 3, 5, 4, 6, 5, 5, 4, 8, 7, 7, 4, 8, 5, 7, 8, 6, 7, 5, 6, 10, 7, 7, 4, 6, 3, 4, 7, 5, 8, 4, 3, 7, 6, 6, 5, 3, 6, 8, 3, 3, 6, 6, 11, 7, 4, 8, 5, 3, 4, 8, 5, 5, 6, 4, 5, 7, 4, 4, 5, 7, 4, 8, 5, 5, 6, 4, 5, 7, 0, 6, 7, 7, 4, 6, 5, 5, 4, 4, 7, 1, 8, 2, 5, 5, 4, 6, 5, 3, 6, 7, 4, 6, 3, 5, 2, 6, 7, 7, 8, 6, 3, 7, 8, 4, 9, 3, 2, 6, 5, 7, 2, 8, 3, 7, 6, 6, 9, 5, 4, 6, 5, 4, 5, 7, 4, 4, 5, 5, 6, 6, 3, 5, 10, 8, 1, 5, 6, 6, 5, 5, 4, 8, 3, 5, 8, 8, 3, 7, 6, 8, 7, 5, 4, 3, 8, 6, 7, 5, 2, 2, 3, 5, 6, 8, 9, 9, 10, 6, 3, 7, 6, 6, 9, 7, 6, 8, 7, 9, 4, 4, 7, 7, 6, 4, 3]
indices_g: [12, 6, 4, 7, 5, 4, 8, 7, 7, 6, 8, 3, 3, 2, 6, 5, 7, 4, 8, 9, 7, 4, 6, 3, 7, 8, 8, 9, 5, 6, 4, 5, 4, 7, 5, 8, 4, 7, 7, 6, 8, 7, 5, 8, 6, 5, 5, 8, 6, 7, 3, 4, 4, 5, 7, 8, 6, 3, 7, 8, 6, 7, 5, 6, 7, 6, 4, 7, 5, 8, 8, 3, 5, 4, 6, 5, 5, 4, 8, 7, 7, 4, 8, 5, 7, 8, 6, 7, 5, 6, 10, 7, 7, 4, 6, 3, 4, 7, 5, 8, 4, 3, 7, 6, 6, 5, 3, 6, 8, 3, 3, 6, 6, 11, 7, 4, 8, 5, 3, 4, 8, 5, 5, 6, 4, 5, 7, 4, 4, 5, 7, 4, 8, 5, 5, 6, 4, 5, 7, 0, 6, 7, 7, 4, 6, 5, 5, 4, 4, 7, 1, 8, 2, 5, 5, 4, 6, 5, 3, 6, 7, 4, 6, 3, 5, 2, 6, 7, 7, 8, 6, 3, 7, 8, 4, 9, 3, 2, 6, 5, 7, 2, 8, 3, 7, 6, 6, 9, 5, 4, 6, 5, 4, 5, 7, 4, 4, 5, 5, 6, 6, 3, 5, 10, 8, 1, 5, 6, 6, 5, 5, 4, 8, 3, 5, 8, 8, 3, 7, 6, 8, 7, 5, 4, 3, 8, 6, 7, 5, 2, 2, 3, 5, 6, 8, 9, 9, 10, 6, 3, 7, 6, 6, 9, 7, 6, 8, 7, 9, 4, 4, 7, 7, 6, 4, 3]
buckets are valid
L1: [0, 1, 2, 3, 4, 5, 6, 7, 8, 9, 10, 11, 12, 13, 14, 15, 16, 17, 18, 19, 20, 21, 22, 23, 24, 25, 26, 27, 28, 29, 30, 31, 32, 33, 34, 35, 36, 37, 38, 39, 40, 41, 42, 43, 44, 45, 46, 47, 48, 49, 50, 51, 52, 53, 54, 55, 56, 57, 58, 59, 60, 61, 62, 63, 64, 65, 66, 67, 68, 69, 70, 71, 72, 73, 74, 75, 76, 77, 78, 79, 80, 81, 82, 83, 84, 85, 86, 87, 88, 89, 90, 91, 92, 93, 94, 95, 96, 97, 98, 99, 100, 101, 102, 103, 104, 105, 106, 107, 108, 109, 110, 111, 112, 113, 114, 115, 116, 117, 118, 119, 120, 121, 122, 123, 124, 125, 126, 127, 128, 129, 130, 131, 132, 133, 134, 135, 136, 137, 138, 139, 140, 141, 142, 143, 144, 145, 146, 147, 148, 149, 150, 151, 152, 153, 154, 155, 156, 157, 158, 159, 160, 161, 162, 163, 164, 165, 166, 167, 168, 169, 170, 171, 172, 173, 174, 175, 176, 177, 178, 179, 180, 181, 182, 183, 184, 185, 186, 187, 188, 189, 190, 191, 192, 193, 194, 195, 196, 197, 198, 199, 200, 201, 202, 203, 204, 205, 206, 207, 208, 209, 210, 211, 212, 213, 214, 215, 216, 217, 218, 219, 220, 221, 222, 223, 224, 225, 226, 227, 228, 229, 230, 231, 232, 233, 234, 235, 236, 237, 238, 239, 240, 241, 242, 243, 244, 245, 246, 247, 248, 249, 250, 251, 252, 253, 254, 255]
L2: [0, 1, 2, 3, 4, 5, 6, 7, 8, 9, 10, 11, 12, 13, 14, 15, 16, 17, 18, 19, 20, 21, 22, 23, 24, 25, 26, 27, 28, 29, 30, 31, 32, 33, 34, 35, 36, 37, 38, 39, 40, 41, 42, 43, 44, 45, 46, 47, 48, 49, 50, 51, 52, 53, 54, 55, 56, 57, 58, 59, 60, 61, 62, 63, 64, 65, 66, 67, 68, 69, 70, 71, 72, 73, 74, 75, 76, 77, 78, 79, 80, 81, 82, 83, 84, 85, 86, 87, 88, 89, 90, 91, 92, 93, 94, 95, 96, 97, 98, 99, 100, 101, 102, 103, 104, 105, 106, 107, 108, 109, 110, 111, 112, 113, 114, 115, 116, 117, 118, 119, 120, 121, 122, 123, 124, 125, 126, 127, 128, 129, 130, 131, 132, 133, 134, 135, 136, 137, 138, 139, 140, 141, 142, 143, 144, 145, 146, 147, 148, 149, 150, 151, 152, 153, 154, 155, 156, 157, 158, 159, 160, 161, 162, 163, 164, 165, 166, 167, 168, 169, 170, 171, 172, 173, 174, 175, 176, 177, 178, 179, 180, 181, 182, 183, 184, 185, 186, 187, 188, 189, 190, 191, 192, 193, 194, 195, 196, 197, 198, 199, 200, 201, 202, 203, 204, 205, 206, 207, 208, 209, 210, 211, 212, 213, 214, 215, 216, 217, 218, 219, 220, 221, 222, 223, 224, 225, 226, 227, 228, 229, 230, 231, 232, 233, 234, 235, 236, 237, 238, 239, 240, 241, 242, 243, 244, 245, 246, 247, 248, 249, 250, 251, 252, 253, 254, 255]
A: [0, 0, 0, 0, 0, 0, 0, 0, 0, 0, 0, 0, 0, 0, 0, 0, 0, 0, 0, 0, 0, 0, 0, 0, 0, 0, 0, 0, 0, 0, 0, 0, 0, 0, 0, 0, 0, 0, 0, 0, 0, 0, 0, 0, 0, 0, 0, 0, 0, 0, 0, 0, 0, 0, 0, 0, 0, 0, 0, 0, 0, 0, 0, 0, 0, 0, 0, 0, 0, 0, 0, 0, 0, 0, 0, 0, 0, 0, 0, 0, 0, 0, 0, 0, 0, 0, 0, 0, 0, 0, 0, 0, 0, 0, 0, 0, 0, 0, 0, 0, 0, 0, 0, 0, 0, 0, 0, 0, 0, 0, 0, 0, 0, 0, 0, 0, 0, 0, 0, 0, 0, 0, 0, 0, 0, 0, 0, 0, 0, 0, 0, 0, 0, 0, 0, 0, 0, 0, 0, 0, 0, 0, 0, 0, 0, 0, 0, 0, 0, 0, 0, 0, 0, 0, 0, 0, 0, 0, 0, 0, 0, 0, 0, 0, 0, 0, 0, 0, 0, 0, 0, 0, 0, 0, 0, 0, 0, 0, 0, 0, 0, 0, 0, 0, 0, 0, 0, 0, 0, 0, 0, 0, 0, 0, 0, 0, 0, 0, 0, 0, 0, 0, 0, 0, 0, 0, 0, 0, 0, 0, 0, 0, 0, 0, 0, 0, 0, 0, 0, 0, 0, 0, 0, 0, 0, 0, 0, 0, 0, 0, 0, 0, 0, 0, 0, 0, 0, 0, 0, 0, 0, 0, 0, 0, 0, 0, 0, 0, 0, 0, 0, 0, 0, 0, 0, 0]


