path: all/yuyin2_4013.tt
path: all/yuyin2_4013.tt
buckets_f: [{71}, {59, 61, 246, 183, 121, 122, 151, 240, 225, 70}, {189, 58, 111, 50, 155, 232, 106, 76, 244, 192, 32, 68, 130, 18, 198, 126, 144, 57, 209, 55, 252}, {72, 51, 96, 2, 87, 231, 214, 174, 131, 84, 148, 30, 245, 160, 243, 236, 39, 64, 208, 127, 119, 145, 193, 24, 173, 134, 180, 101, 254, 194, 113, 124, 78, 104, 116, 216, 114, 185, 221, 159, 41, 141, 81, 163}, {249, 205, 210, 237, 117, 60, 149, 40, 175, 38, 79, 161, 88, 108, 147, 83, 182, 63, 74, 132, 217, 223, 187, 172, 91, 169, 65, 35, 8, 152, 31, 157, 46, 80, 28, 247, 190, 105, 94, 162, 242, 98, 100, 93}, {207, 139, 107, 253, 222, 77, 154, 213, 226, 36, 102, 201, 109, 90, 67, 199, 168, 99, 75, 62, 156, 1, 19, 188, 9, 54, 219, 186, 178, 202, 47, 34, 204, 89, 146, 56, 7, 53, 171, 12, 136, 196, 42, 16}, {37, 97, 123, 66, 138, 167, 143, 179, 129, 229, 227, 250, 140, 49, 230, 103, 241, 212, 25, 23, 184, 20, 235, 137, 220, 120, 115, 86, 112, 158, 203, 73, 11, 5, 45, 218, 17, 85, 52, 13, 197, 195, 200, 164, 224, 43, 181, 26}, {92, 21, 95, 165, 166, 228, 15, 153, 44, 4, 27, 233, 177, 33, 191, 29, 142, 133, 48, 10, 69, 22, 110, 239, 82, 128, 251, 234}, {3, 255, 14, 170, 215, 176, 206, 6, 118, 135, 238}, {248, 211}, {125, 150}, {0}]
buckets_g: [{71}, {61, 122, 59, 121, 151, 240, 225, 246, 70, 183}, {144, 55, 57, 209, 68, 130, 192, 76, 126, 111, 58, 232, 106, 155, 189, 198, 50, 18, 244, 32, 252}, {104, 24, 78, 2, 231, 134, 64, 131, 101, 84, 114, 221, 159, 145, 72, 96, 216, 185, 254, 30, 194, 141, 163, 214, 39, 245, 119, 208, 193, 116, 180, 81, 174, 51, 236, 127, 87, 160, 173, 113, 124, 243, 41, 148}, {237, 60, 38, 132, 157, 100, 187, 74, 172, 149, 40, 190, 35, 247, 108, 223, 162, 65, 94, 63, 80, 98, 242, 105, 249, 205, 83, 28, 182, 88, 46, 147, 175, 161, 31, 217, 117, 93, 91, 8, 79, 152, 169, 210}, {75, 168, 16, 204, 156, 1, 36, 107, 109, 53, 202, 54, 136, 253, 213, 19, 34, 67, 139, 199, 7, 90, 62, 207, 56, 42, 99, 47, 178, 196, 186, 146, 171, 9, 188, 12, 219, 77, 102, 222, 89, 201, 154, 226}, {20, 143, 97, 158, 13, 85, 138, 66, 200, 26, 120, 197, 181, 115, 184, 43, 137, 212, 37, 86, 235, 52, 179, 250, 224, 123, 5, 112, 220, 25, 45, 229, 23, 164, 11, 73, 218, 49, 241, 140, 203, 195, 227, 17, 167, 103, 230, 129}, {234, 166, 239, 133, 15, 10, 142, 33, 22, 82, 191, 29, 4, 69, 233, 251, 110, 95, 228, 92, 27, 48, 165, 177, 21, 44, 128, 153}, {135, 215, 176, 255, 238, 206, 6, 170, 14, 118, 3}, {211, 248}, {150, 125}, {0}]
indices_f: [11, 5, 3, 8, 7, 6, 8, 5, 4, 5, 7, 6, 5, 6, 8, 7, 5, 6, 2, 5, 6, 7, 7, 6, 3, 6, 6, 7, 4, 7, 3, 4, 2, 7, 5, 4, 5, 6, 4, 3, 4, 3, 5, 6, 7, 6, 4, 5, 7, 6, 2, 3, 6, 5, 5, 2, 5, 2, 2, 1, 4, 1, 5, 4, 3, 4, 6, 5, 2, 7, 1, 0, 3, 6, 4, 5, 2, 5, 3, 4, 4, 3, 7, 4, 3, 6, 6, 3, 4, 5, 5, 4, 7, 4, 4, 7, 3, 6, 4, 5, 4, 3, 5, 6, 3, 4, 2, 5, 4, 5, 7, 2, 6, 3, 3, 6, 3, 4, 8, 3, 6, 1, 1, 6, 3, 10, 2, 3, 7, 6, 2, 3, 4, 7, 3, 8, 5, 6, 6, 5, 6, 3, 7, 6, 2, 3, 5, 4, 3, 4, 10, 1, 4, 7, 5, 2, 5, 4, 6, 3, 3, 4, 4, 3, 6, 7, 7, 6, 5, 4, 8, 5, 4, 3, 3, 4, 8, 7, 5, 6, 3, 6, 4, 1, 6, 3, 5, 4, 5, 2, 4, 7, 2, 3, 3, 6, 5, 6, 2, 5, 6, 5, 5, 6, 5, 4, 8, 5, 3, 2, 4, 9, 6, 5, 3, 8, 3, 4, 6, 5, 6, 3, 5, 4, 6, 1, 5, 6, 7, 6, 6, 3, 2, 7, 7, 6, 3, 4, 8, 7, 1, 6, 4, 3, 2, 3, 1, 4, 9, 4, 6, 7, 2, 5, 3, 8]
indices_g: [11, 5, 3, 8, 7, 6, 8, 5, 4, 5, 7, 6, 5, 6, 8, 7, 5, 6, 2, 5, 6, 7, 7, 6, 3, 6, 6, 7, 4, 7, 3, 4, 2, 7, 5, 4, 5, 6, 4, 3, 4, 3, 5, 6, 7, 6, 4, 5, 7, 6, 2, 3, 6, 5, 5, 2, 5, 2, 2, 1, 4, 1, 5, 4, 3, 4, 6, 5, 2, 7, 1, 0, 3, 6, 4, 5, 2, 5, 3, 4, 4, 3, 7, 4, 3, 6, 6, 3, 4, 5, 5, 4, 7, 4, 4, 7, 3, 6, 4, 5, 4, 3, 5, 6, 3, 4, 2, 5, 4, 5, 7, 2, 6, 3, 3, 6, 3, 4, 8, 3, 6, 1, 1, 6, 3, 10, 2, 3, 7, 6, 2, 3, 4, 7, 3, 8, 5, 6, 6, 5, 6, 3, 7, 6, 2, 3, 5, 4, 3, 4, 10, 1, 4, 7, 5, 2, 5, 4, 6, 3, 3, 4, 4, 3, 6, 7, 7, 6, 5, 4, 8, 5, 4, 3, 3, 4, 8, 7, 5, 6, 3, 6, 4, 1, 6, 3, 5, 4, 5, 2, 4, 7, 2, 3, 3, 6, 5, 6, 2, 5, 6, 5, 5, 6, 5, 4, 8, 5, 3, 2, 4, 9, 6, 5, 3, 8, 3, 4, 6, 5, 6, 3, 5, 4, 6, 1, 5, 6, 7, 6, 6, 3, 2, 7, 7, 6, 3, 4, 8, 7, 1, 6, 4, 3, 2, 3, 1, 4, 9, 4, 6, 7, 2, 5, 3, 8]
buckets are valid
L1: [0, 1, 2, 3, 4, 5, 6, 7, 8, 9, 10, 11, 12, 13, 14, 15, 16, 17, 18, 19, 20, 21, 22, 23, 24, 25, 26, 27, 28, 29, 30, 31, 32, 33, 34, 35, 36, 37, 38, 39, 40, 41, 42, 43, 44, 45, 46, 47, 48, 49, 50, 51, 52, 53, 54, 55, 56, 57, 58, 59, 60, 61, 62, 63, 64, 65, 66, 67, 68, 69, 70, 71, 72, 73, 74, 75, 76, 77, 78, 79, 80, 81, 82, 83, 84, 85, 86, 87, 88, 89, 90, 91, 92, 93, 94, 95, 96, 97, 98, 99, 100, 101, 102, 103, 104, 105, 106, 107, 108, 109, 110, 111, 112, 113, 114, 115, 116, 117, 118, 119, 120, 121, 122, 123, 124, 125, 126, 127, 128, 129, 130, 131, 132, 133, 134, 135, 136, 137, 138, 139, 140, 141, 142, 143, 144, 145, 146, 147, 148, 149, 150, 151, 152, 153, 154, 155, 156, 157, 158, 159, 160, 161, 162, 163, 164, 165, 166, 167, 168, 169, 170, 171, 172, 173, 174, 175, 176, 177, 178, 179, 180, 181, 182, 183, 184, 185, 186, 187, 188, 189, 190, 191, 192, 193, 194, 195, 196, 197, 198, 199, 200, 201, 202, 203, 204, 205, 206, 207, 208, 209, 210, 211, 212, 213, 214, 215, 216, 217, 218, 219, 220, 221, 222, 223, 224, 225, 226, 227, 228, 229, 230, 231, 232, 233, 234, 235, 236, 237, 238, 239, 240, 241, 242, 243, 244, 245, 246, 247, 248, 249, 250, 251, 252, 253, 254, 255]
L2: [0, 1, 2, 3, 4, 5, 6, 7, 8, 9, 10, 11, 12, 13, 14, 15, 16, 17, 18, 19, 20, 21, 22, 23, 24, 25, 26, 27, 28, 29, 30, 31, 32, 33, 34, 35, 36, 37, 38, 39, 40, 41, 42, 43, 44, 45, 46, 47, 48, 49, 50, 51, 52, 53, 54, 55, 56, 57, 58, 59, 60, 61, 62, 63, 64, 65, 66, 67, 68, 69, 70, 71, 72, 73, 74, 75, 76, 77, 78, 79, 80, 81, 82, 83, 84, 85, 86, 87, 88, 89, 90, 91, 92, 93, 94, 95, 96, 97, 98, 99, 100, 101, 102, 103, 104, 105, 106, 107, 108, 109, 110, 111, 112, 113, 114, 115, 116, 117, 118, 119, 120, 121, 122, 123, 124, 125, 126, 127, 128, 129, 130, 131, 132, 133, 134, 135, 136, 137, 138, 139, 140, 141, 142, 143, 144, 145, 146, 147, 148, 149, 150, 151, 152, 153, 154, 155, 156, 157, 158, 159, 160, 161, 162, 163, 164, 165, 166, 167, 168, 169, 170, 171, 172, 173, 174, 175, 176, 177, 178, 179, 180, 181, 182, 183, 184, 185, 186, 187, 188, 189, 190, 191, 192, 193, 194, 195, 196, 197, 198, 199, 200, 201, 202, 203, 204, 205, 206, 207, 208, 209, 210, 211, 212, 213, 214, 215, 216, 217, 218, 219, 220, 221, 222, 223, 224, 225, 226, 227, 228, 229, 230, 231, 232, 233, 234, 235, 236, 237, 238, 239, 240, 241, 242, 243, 244, 245, 246, 247, 248, 249, 250, 251, 252, 253, 254, 255]
A: [0, 0, 0, 0, 0, 0, 0, 0, 0, 0, 0, 0, 0, 0, 0, 0, 0, 0, 0, 0, 0, 0, 0, 0, 0, 0, 0, 0, 0, 0, 0, 0, 0, 0, 0, 0, 0, 0, 0, 0, 0, 0, 0, 0, 0, 0, 0, 0, 0, 0, 0, 0, 0, 0, 0, 0, 0, 0, 0, 0, 0, 0, 0, 0, 0, 0, 0, 0, 0, 0, 0, 0, 0, 0, 0, 0, 0, 0, 0, 0, 0, 0, 0, 0, 0, 0, 0, 0, 0, 0, 0, 0, 0, 0, 0, 0, 0, 0, 0, 0, 0, 0, 0, 0, 0, 0, 0, 0, 0, 0, 0, 0, 0, 0, 0, 0, 0, 0, 0, 0, 0, 0, 0, 0, 0, 0, 0, 0, 0, 0, 0, 0, 0, 0, 0, 0, 0, 0, 0, 0, 0, 0, 0, 0, 0, 0, 0, 0, 0, 0, 0, 0, 0, 0, 0, 0, 0, 0, 0, 0, 0, 0, 0, 0, 0, 0, 0, 0, 0, 0, 0, 0, 0, 0, 0, 0, 0, 0, 0, 0, 0, 0, 0, 0, 0, 0, 0, 0, 0, 0, 0, 0, 0, 0, 0, 0, 0, 0, 0, 0, 0, 0, 0, 0, 0, 0, 0, 0, 0, 0, 0, 0, 0, 0, 0, 0, 0, 0, 0, 0, 0, 0, 0, 0, 0, 0, 0, 0, 0, 0, 0, 0, 0, 0, 0, 0, 0, 0, 0, 0, 0, 0, 0, 0, 0, 0, 0, 0, 0, 0, 0, 0, 0, 0, 0, 0]


