path: all/yuyin2_5156.tt
path: all/yuyin2_5156.tt
buckets_f: [{94, 236}, {204, 37, 21}, {27, 201, 146, 50, 154}, {185, 12, 3, 56, 113, 34, 78, 192, 222, 46, 95, 111, 33, 214, 121, 186, 167, 200, 52, 80, 7}, {250, 98, 97, 145, 208, 9, 205, 89, 183, 76, 101, 2, 157, 86, 174, 161, 54, 211, 241, 81, 245, 202, 223, 198, 13, 16, 23, 135, 79, 143, 68, 140, 61, 6, 228, 173, 224, 176}, {207, 59, 48, 17, 189, 108, 171, 133, 104, 229, 172, 41, 151, 240, 221, 147, 255, 230, 226, 190, 218, 87, 213, 196, 65, 182, 138, 38, 199, 42, 55, 210, 100, 148, 29, 70, 96, 164, 225, 181, 144, 142, 163, 77, 25, 84, 244, 74}, {85, 216, 227, 109, 1, 72, 44, 57, 67, 14, 43, 112, 28, 231, 166, 82, 170, 191, 194, 58, 212, 36, 93, 219, 106, 75, 24, 10, 35, 31, 116, 123, 127, 5, 235, 239, 179, 180, 215, 184, 49, 150, 105, 158, 165, 64, 110, 169}, {137, 11, 175, 168, 156, 22, 18, 234, 134, 45, 152, 66, 160, 15, 248, 63, 125, 51, 178, 114, 117, 26, 118, 107, 247, 141, 69, 30, 4, 252, 159, 203, 237, 130, 99, 233, 243, 8, 155, 217, 83, 103, 122, 177, 92, 126, 238, 73}, {139, 128, 20, 188, 193, 19, 131, 220, 246, 249, 124, 39, 136, 132, 32, 47, 153, 162, 40, 119, 242, 53, 71, 187, 232, 115, 149, 102, 254, 253, 62, 120}, {129, 60, 88, 251, 91}, {197, 90, 206}, {195, 209}, {0}]
buckets_g: [{94, 236}, {37, 204, 21}, {50, 27, 201, 154, 146}, {111, 12, 222, 186, 56, 78, 200, 113, 3, 167, 95, 121, 80, 185, 192, 46, 52, 214, 7, 34, 33}, {211, 13, 97, 101, 2, 68, 140, 89, 223, 208, 79, 61, 23, 98, 16, 135, 76, 228, 176, 241, 9, 174, 54, 143, 145, 224, 173, 157, 205, 183, 250, 198, 202, 81, 245, 161, 86, 6}, {147, 210, 181, 142, 218, 164, 25, 138, 171, 144, 42, 38, 255, 163, 225, 48, 151, 70, 213, 221, 87, 104, 41, 244, 74, 59, 226, 29, 229, 199, 55, 172, 96, 190, 196, 240, 84, 189, 108, 17, 230, 182, 148, 65, 100, 77, 207, 133}, {170, 43, 216, 165, 215, 166, 123, 231, 85, 169, 179, 58, 24, 36, 180, 112, 110, 10, 106, 75, 116, 227, 82, 235, 64, 239, 67, 5, 44, 212, 184, 28, 219, 57, 150, 35, 191, 93, 109, 194, 14, 158, 49, 1, 127, 31, 105, 72}, {252, 4, 159, 233, 243, 178, 125, 18, 168, 217, 152, 118, 51, 66, 99, 117, 114, 141, 247, 130, 248, 92, 122, 83, 69, 63, 137, 30, 160, 237, 234, 177, 11, 155, 26, 175, 15, 156, 8, 45, 73, 203, 103, 134, 126, 22, 107, 238}, {254, 220, 232, 187, 32, 53, 136, 149, 47, 102, 62, 132, 249, 246, 162, 193, 124, 139, 253, 242, 131, 20, 39, 115, 119, 120, 128, 71, 188, 19, 153, 40}, {60, 129, 88, 251, 91}, {206, 197, 90}, {195, 209}, {0}]
indices_f: [12, 6, 4, 3, 7, 6, 4, 3, 7, 4, 6, 7, 3, 4, 6, 7, 4, 5, 7, 8, 8, 1, 7, 4, 6, 5, 7, 2, 6, 5, 7, 6, 8, 3, 3, 6, 6, 1, 5, 8, 8, 5, 5, 6, 6, 7, 3, 8, 5, 6, 2, 7, 3, 8, 4, 5, 3, 6, 6, 5, 9, 4, 8, 7, 6, 5, 7, 6, 4, 7, 5, 8, 6, 7, 5, 6, 4, 5, 3, 4, 3, 4, 6, 7, 5, 6, 4, 5, 9, 4, 10, 9, 7, 6, 0, 3, 5, 4, 4, 7, 5, 4, 8, 7, 5, 6, 6, 7, 5, 6, 6, 3, 6, 3, 7, 8, 6, 7, 7, 8, 8, 3, 7, 6, 8, 7, 7, 6, 8, 9, 7, 8, 8, 5, 7, 4, 8, 7, 5, 8, 4, 7, 5, 4, 5, 4, 2, 5, 5, 8, 6, 5, 7, 8, 2, 7, 7, 4, 6, 7, 7, 4, 8, 5, 5, 6, 6, 3, 7, 6, 6, 5, 5, 4, 4, 7, 4, 7, 7, 6, 6, 5, 5, 4, 6, 3, 3, 8, 8, 5, 5, 6, 3, 8, 6, 11, 5, 10, 4, 5, 3, 2, 4, 7, 1, 4, 10, 5, 4, 11, 5, 4, 6, 5, 3, 6, 6, 7, 5, 6, 8, 5, 3, 4, 4, 5, 5, 6, 4, 5, 5, 6, 8, 7, 7, 6, 0, 7, 7, 6, 5, 4, 8, 7, 5, 4, 8, 7, 7, 8, 4, 9, 7, 8, 8, 5]
indices_g: [12, 6, 4, 3, 7, 6, 4, 3, 7, 4, 6, 7, 3, 4, 6, 7, 4, 5, 7, 8, 8, 1, 7, 4, 6, 5, 7, 2, 6, 5, 7, 6, 8, 3, 3, 6, 6, 1, 5, 8, 8, 5, 5, 6, 6, 7, 3, 8, 5, 6, 2, 7, 3, 8, 4, 5, 3, 6, 6, 5, 9, 4, 8, 7, 6, 5, 7, 6, 4, 7, 5, 8, 6, 7, 5, 6, 4, 5, 3, 4, 3, 4, 6, 7, 5, 6, 4, 5, 9, 4, 10, 9, 7, 6, 0, 3, 5, 4, 4, 7, 5, 4, 8, 7, 5, 6, 6, 7, 5, 6, 6, 3, 6, 3, 7, 8, 6, 7, 7, 8, 8, 3, 7, 6, 8, 7, 7, 6, 8, 9, 7, 8, 8, 5, 7, 4, 8, 7, 5, 8, 4, 7, 5, 4, 5, 4, 2, 5, 5, 8, 6, 5, 7, 8, 2, 7, 7, 4, 6, 7, 7, 4, 8, 5, 5, 6, 6, 3, 7, 6, 6, 5, 5, 4, 4, 7, 4, 7, 7, 6, 6, 5, 5, 4, 6, 3, 3, 8, 8, 5, 5, 6, 3, 8, 6, 11, 5, 10, 4, 5, 3, 2, 4, 7, 1, 4, 10, 5, 4, 11, 5, 4, 6, 5, 3, 6, 6, 7, 5, 6, 8, 5, 3, 4, 4, 5, 5, 6, 4, 5, 5, 6, 8, 7, 7, 6, 0, 7, 7, 6, 5, 4, 8, 7, 5, 4, 8, 7, 7, 8, 4, 9, 7, 8, 8, 5]
buckets are valid
L1: [0, 1, 2, 3, 4, 5, 6, 7, 8, 9, 10, 11, 12, 13, 14, 15, 16, 17, 18, 19, 20, 21, 22, 23, 24, 25, 26, 27, 28, 29, 30, 31, 32, 33, 34, 35, 36, 37, 38, 39, 40, 41, 42, 43, 44, 45, 46, 47, 48, 49, 50, 51, 52, 53, 54, 55, 56, 57, 58, 59, 60, 61, 62, 63, 64, 65, 66, 67, 68, 69, 70, 71, 72, 73, 74, 75, 76, 77, 78, 79, 80, 81, 82, 83, 84, 85, 86, 87, 88, 89, 90, 91, 92, 93, 94, 95, 96, 97, 98, 99, 100, 101, 102, 103, 104, 105, 106, 107, 108, 109, 110, 111, 112, 113, 114, 115, 116, 117, 118, 119, 120, 121, 122, 123, 124, 125, 126, 127, 128, 129, 130, 131, 132, 133, 134, 135, 136, 137, 138, 139, 140, 141, 142, 143, 144, 145, 146, 147, 148, 149, 150, 151, 152, 153, 154, 155, 156, 157, 158, 159, 160, 161, 162, 163, 164, 165, 166, 167, 168, 169, 170, 171, 172, 173, 174, 175, 176, 177, 178, 179, 180, 181, 182, 183, 184, 185, 186, 187, 188, 189, 190, 191, 192, 193, 194, 195, 196, 197, 198, 199, 200, 201, 202, 203, 204, 205, 206, 207, 208, 209, 210, 211, 212, 213, 214, 215, 216, 217, 218, 219, 220, 221, 222, 223, 224, 225, 226, 227, 228, 229, 230, 231, 232, 233, 234, 235, 236, 237, 238, 239, 240, 241, 242, 243, 244, 245, 246, 247, 248, 249, 250, 251, 252, 253, 254, 255]
L2: [0, 1, 2, 3, 4, 5, 6, 7, 8, 9, 10, 11, 12, 13, 14, 15, 16, 17, 18, 19, 20, 21, 22, 23, 24, 25, 26, 27, 28, 29, 30, 31, 32, 33, 34, 35, 36, 37, 38, 39, 40, 41, 42, 43, 44, 45, 46, 47, 48, 49, 50, 51, 52, 53, 54, 55, 56, 57, 58, 59, 60, 61, 62, 63, 64, 65, 66, 67, 68, 69, 70, 71, 72, 73, 74, 75, 76, 77, 78, 79, 80, 81, 82, 83, 84, 85, 86, 87, 88, 89, 90, 91, 92, 93, 94, 95, 96, 97, 98, 99, 100, 101, 102, 103, 104, 105, 106, 107, 108, 109, 110, 111, 112, 113, 114, 115, 116, 117, 118, 119, 120, 121, 122, 123, 124, 125, 126, 127, 128, 129, 130, 131, 132, 133, 134, 135, 136, 137, 138, 139, 140, 141, 142, 143, 144, 145, 146, 147, 148, 149, 150, 151, 152, 153, 154, 155, 156, 157, 158, 159, 160, 161, 162, 163, 164, 165, 166, 167, 168, 169, 170, 171, 172, 173, 174, 175, 176, 177, 178, 179, 180, 181, 182, 183, 184, 185, 186, 187, 188, 189, 190, 191, 192, 193, 194, 195, 196, 197, 198, 199, 200, 201, 202, 203, 204, 205, 206, 207, 208, 209, 210, 211, 212, 213, 214, 215, 216, 217, 218, 219, 220, 221, 222, 223, 224, 225, 226, 227, 228, 229, 230, 231, 232, 233, 234, 235, 236, 237, 238, 239, 240, 241, 242, 243, 244, 245, 246, 247, 248, 249, 250, 251, 252, 253, 254, 255]
A: [0, 0, 0, 0, 0, 0, 0, 0, 0, 0, 0, 0, 0, 0, 0, 0, 0, 0, 0, 0, 0, 0, 0, 0, 0, 0, 0, 0, 0, 0, 0, 0, 0, 0, 0, 0, 0, 0, 0, 0, 0, 0, 0, 0, 0, 0, 0, 0, 0, 0, 0, 0, 0, 0, 0, 0, 0, 0, 0, 0, 0, 0, 0, 0, 0, 0, 0, 0, 0, 0, 0, 0, 0, 0, 0, 0, 0, 0, 0, 0, 0, 0, 0, 0, 0, 0, 0, 0, 0, 0, 0, 0, 0, 0, 0, 0, 0, 0, 0, 0, 0, 0, 0, 0, 0, 0, 0, 0, 0, 0, 0, 0, 0, 0, 0, 0, 0, 0, 0, 0, 0, 0, 0, 0, 0, 0, 0, 0, 0, 0, 0, 0, 0, 0, 0, 0, 0, 0, 0, 0, 0, 0, 0, 0, 0, 0, 0, 0, 0, 0, 0, 0, 0, 0, 0, 0, 0, 0, 0, 0, 0, 0, 0, 0, 0, 0, 0, 0, 0, 0, 0, 0, 0, 0, 0, 0, 0, 0, 0, 0, 0, 0, 0, 0, 0, 0, 0, 0, 0, 0, 0, 0, 0, 0, 0, 0, 0, 0, 0, 0, 0, 0, 0, 0, 0, 0, 0, 0, 0, 0, 0, 0, 0, 0, 0, 0, 0, 0, 0, 0, 0, 0, 0, 0, 0, 0, 0, 0, 0, 0, 0, 0, 0, 0, 0, 0, 0, 0, 0, 0, 0, 0, 0, 0, 0, 0, 0, 0, 0, 0, 0, 0, 0, 0, 0, 0]


