path: all/yuyin_8_4701.tt
path: all/yuyin_8_4701.tt
buckets_f: [{47}, {61, 236, 4, 132, 7, 17}, {21, 6, 35, 241, 131, 219, 71, 44, 216, 203, 123, 84, 181, 97, 175, 37, 54, 93, 94, 221, 194, 81, 100, 12, 107, 215, 82}, {240, 45, 168, 198, 95, 146, 245, 92, 117, 230, 177, 13, 52, 90, 164, 223, 64, 2, 33, 70, 135, 161, 152, 130, 229, 184, 178, 213, 56, 255, 49, 67, 145, 207, 99, 62, 250, 20, 249, 59, 183, 86, 76, 148}, {209, 248, 251, 51, 72, 31, 228, 9, 179, 77, 78, 205, 116, 199, 15, 120, 140, 235, 32, 68, 156, 154, 231, 169, 176, 57, 63, 147, 254, 226, 58, 87, 186, 137, 222, 159, 125, 144, 16, 143, 182, 10, 193, 237}, {46, 34, 36, 85, 106, 112, 115, 158, 118, 187, 69, 1, 11, 220, 180, 89, 151, 234, 233, 155, 24, 174, 124, 204, 127, 27, 167, 83, 195, 252, 74, 171, 243, 14, 157, 173, 217, 29, 121, 139, 108, 208, 102, 50}, {138, 28, 163, 119, 66, 53, 98, 153, 134, 165, 191, 25, 5, 185, 42, 238, 65, 212, 26, 210, 113, 114, 188, 48, 91, 244, 253, 38, 160, 128, 109, 200, 172, 225, 247, 22, 170, 110, 41, 75, 206, 60, 19, 150}, {30, 23, 105, 162, 246, 141, 79, 239, 190, 227, 214, 136, 18, 43, 202, 142, 73, 55, 201, 211, 40, 129, 101, 96, 192, 197, 122, 189}, {133, 149, 104, 126, 242, 196, 166, 88, 103, 232, 3}, {8, 218, 111, 224, 39, 80}, {0}]
buckets_g: [{47}, {17, 4, 132, 61, 7, 236}, {216, 123, 44, 6, 100, 21, 97, 82, 37, 54, 94, 84, 12, 221, 181, 219, 203, 93, 215, 81, 241, 107, 131, 71, 194, 175, 35}, {62, 249, 207, 229, 20, 13, 148, 146, 76, 95, 99, 178, 130, 223, 183, 2, 240, 245, 56, 49, 64, 184, 92, 198, 135, 70, 145, 164, 213, 59, 45, 86, 250, 33, 168, 177, 117, 67, 90, 230, 161, 152, 52, 255}, {57, 251, 9, 140, 237, 154, 254, 51, 31, 205, 169, 179, 248, 120, 143, 58, 231, 182, 228, 116, 176, 32, 186, 87, 16, 156, 77, 226, 78, 10, 72, 137, 147, 15, 199, 222, 209, 193, 159, 63, 68, 235, 125, 144}, {151, 204, 11, 115, 108, 27, 124, 118, 171, 158, 157, 83, 46, 252, 121, 89, 29, 102, 208, 112, 167, 243, 180, 173, 139, 187, 1, 74, 36, 234, 174, 233, 14, 50, 217, 85, 24, 34, 69, 155, 106, 127, 220, 195}, {212, 26, 114, 19, 160, 110, 247, 113, 253, 153, 60, 185, 41, 134, 165, 188, 38, 42, 53, 75, 119, 172, 200, 5, 66, 244, 65, 98, 91, 206, 191, 109, 25, 48, 138, 22, 163, 128, 238, 210, 170, 28, 225, 150}, {43, 246, 79, 142, 190, 197, 189, 192, 211, 55, 162, 122, 105, 227, 201, 239, 214, 30, 136, 96, 40, 18, 129, 101, 202, 141, 23, 73}, {196, 3, 232, 126, 88, 242, 149, 103, 166, 104, 133}, {224, 80, 39, 111, 8, 218}, {0}]
indices_f: [10, 5, 3, 8, 1, 6, 2, 1, 9, 4, 4, 5, 2, 3, 5, 4, 4, 1, 7, 6, 3, 2, 6, 7, 5, 6, 6, 5, 6, 5, 7, 4, 4, 3, 5, 2, 5, 2, 6, 9, 7, 6, 6, 7, 2, 3, 5, 0, 6, 3, 5, 4, 3, 6, 2, 7, 3, 4, 4, 3, 6, 1, 3, 4, 3, 6, 6, 3, 4, 5, 3, 2, 4, 7, 5, 6, 3, 4, 4, 7, 9, 2, 2, 5, 2, 5, 3, 4, 8, 5, 3, 6, 3, 2, 2, 3, 7, 2, 6, 3, 2, 7, 5, 8, 8, 7, 5, 2, 5, 6, 6, 9, 5, 6, 6, 5, 4, 3, 5, 6, 4, 5, 7, 2, 5, 4, 8, 5, 6, 7, 3, 2, 1, 8, 6, 3, 7, 4, 6, 5, 4, 7, 7, 4, 4, 3, 3, 4, 3, 8, 6, 5, 3, 6, 4, 5, 4, 5, 5, 4, 6, 3, 7, 6, 3, 6, 8, 5, 3, 4, 6, 5, 6, 5, 5, 2, 4, 3, 3, 4, 5, 2, 4, 3, 3, 6, 4, 5, 6, 7, 7, 6, 7, 4, 2, 5, 8, 7, 3, 4, 6, 7, 7, 2, 5, 4, 6, 3, 5, 4, 6, 7, 6, 3, 7, 2, 2, 5, 9, 2, 5, 2, 4, 3, 9, 6, 4, 7, 4, 3, 3, 4, 8, 5, 5, 4, 1, 4, 6, 7, 3, 2, 8, 5, 6, 3, 7, 6, 4, 3, 3, 4, 5, 6, 4, 3]
indices_g: [10, 5, 3, 8, 1, 6, 2, 1, 9, 4, 4, 5, 2, 3, 5, 4, 4, 1, 7, 6, 3, 2, 6, 7, 5, 6, 6, 5, 6, 5, 7, 4, 4, 3, 5, 2, 5, 2, 6, 9, 7, 6, 6, 7, 2, 3, 5, 0, 6, 3, 5, 4, 3, 6, 2, 7, 3, 4, 4, 3, 6, 1, 3, 4, 3, 6, 6, 3, 4, 5, 3, 2, 4, 7, 5, 6, 3, 4, 4, 7, 9, 2, 2, 5, 2, 5, 3, 4, 8, 5, 3, 6, 3, 2, 2, 3, 7, 2, 6, 3, 2, 7, 5, 8, 8, 7, 5, 2, 5, 6, 6, 9, 5, 6, 6, 5, 4, 3, 5, 6, 4, 5, 7, 2, 5, 4, 8, 5, 6, 7, 3, 2, 1, 8, 6, 3, 7, 4, 6, 5, 4, 7, 7, 4, 4, 3, 3, 4, 3, 8, 6, 5, 3, 6, 4, 5, 4, 5, 5, 4, 6, 3, 7, 6, 3, 6, 8, 5, 3, 4, 6, 5, 6, 5, 5, 2, 4, 3, 3, 4, 5, 2, 4, 3, 3, 6, 4, 5, 6, 7, 7, 6, 7, 4, 2, 5, 8, 7, 3, 4, 6, 7, 7, 2, 5, 4, 6, 3, 5, 4, 6, 7, 6, 3, 7, 2, 2, 5, 9, 2, 5, 2, 4, 3, 9, 6, 4, 7, 4, 3, 3, 4, 8, 5, 5, 4, 1, 4, 6, 7, 3, 2, 8, 5, 6, 3, 7, 6, 4, 3, 3, 4, 5, 6, 4, 3]
buckets are valid
L1: [0, 1, 2, 3, 4, 5, 6, 7, 8, 9, 10, 11, 12, 13, 14, 15, 16, 17, 18, 19, 20, 21, 22, 23, 24, 25, 26, 27, 28, 29, 30, 31, 32, 33, 34, 35, 36, 37, 38, 39, 40, 41, 42, 43, 44, 45, 46, 47, 48, 49, 50, 51, 52, 53, 54, 55, 56, 57, 58, 59, 60, 61, 62, 63, 64, 65, 66, 67, 68, 69, 70, 71, 72, 73, 74, 75, 76, 77, 78, 79, 80, 81, 82, 83, 84, 85, 86, 87, 88, 89, 90, 91, 92, 93, 94, 95, 96, 97, 98, 99, 100, 101, 102, 103, 104, 105, 106, 107, 108, 109, 110, 111, 112, 113, 114, 115, 116, 117, 118, 119, 120, 121, 122, 123, 124, 125, 126, 127, 128, 129, 130, 131, 132, 133, 134, 135, 136, 137, 138, 139, 140, 141, 142, 143, 144, 145, 146, 147, 148, 149, 150, 151, 152, 153, 154, 155, 156, 157, 158, 159, 160, 161, 162, 163, 164, 165, 166, 167, 168, 169, 170, 171, 172, 173, 174, 175, 176, 177, 178, 179, 180, 181, 182, 183, 184, 185, 186, 187, 188, 189, 190, 191, 192, 193, 194, 195, 196, 197, 198, 199, 200, 201, 202, 203, 204, 205, 206, 207, 208, 209, 210, 211, 212, 213, 214, 215, 216, 217, 218, 219, 220, 221, 222, 223, 224, 225, 226, 227, 228, 229, 230, 231, 232, 233, 234, 235, 236, 237, 238, 239, 240, 241, 242, 243, 244, 245, 246, 247, 248, 249, 250, 251, 252, 253, 254, 255]
L2: [0, 1, 2, 3, 4, 5, 6, 7, 8, 9, 10, 11, 12, 13, 14, 15, 16, 17, 18, 19, 20, 21, 22, 23, 24, 25, 26, 27, 28, 29, 30, 31, 32, 33, 34, 35, 36, 37, 38, 39, 40, 41, 42, 43, 44, 45, 46, 47, 48, 49, 50, 51, 52, 53, 54, 55, 56, 57, 58, 59, 60, 61, 62, 63, 64, 65, 66, 67, 68, 69, 70, 71, 72, 73, 74, 75, 76, 77, 78, 79, 80, 81, 82, 83, 84, 85, 86, 87, 88, 89, 90, 91, 92, 93, 94, 95, 96, 97, 98, 99, 100, 101, 102, 103, 104, 105, 106, 107, 108, 109, 110, 111, 112, 113, 114, 115, 116, 117, 118, 119, 120, 121, 122, 123, 124, 125, 126, 127, 128, 129, 130, 131, 132, 133, 134, 135, 136, 137, 138, 139, 140, 141, 142, 143, 144, 145, 146, 147, 148, 149, 150, 151, 152, 153, 154, 155, 156, 157, 158, 159, 160, 161, 162, 163, 164, 165, 166, 167, 168, 169, 170, 171, 172, 173, 174, 175, 176, 177, 178, 179, 180, 181, 182, 183, 184, 185, 186, 187, 188, 189, 190, 191, 192, 193, 194, 195, 196, 197, 198, 199, 200, 201, 202, 203, 204, 205, 206, 207, 208, 209, 210, 211, 212, 213, 214, 215, 216, 217, 218, 219, 220, 221, 222, 223, 224, 225, 226, 227, 228, 229, 230, 231, 232, 233, 234, 235, 236, 237, 238, 239, 240, 241, 242, 243, 244, 245, 246, 247, 248, 249, 250, 251, 252, 253, 254, 255]
A: [0, 0, 0, 0, 0, 0, 0, 0, 0, 0, 0, 0, 0, 0, 0, 0, 0, 0, 0, 0, 0, 0, 0, 0, 0, 0, 0, 0, 0, 0, 0, 0, 0, 0, 0, 0, 0, 0, 0, 0, 0, 0, 0, 0, 0, 0, 0, 0, 0, 0, 0, 0, 0, 0, 0, 0, 0, 0, 0, 0, 0, 0, 0, 0, 0, 0, 0, 0, 0, 0, 0, 0, 0, 0, 0, 0, 0, 0, 0, 0, 0, 0, 0, 0, 0, 0, 0, 0, 0, 0, 0, 0, 0, 0, 0, 0, 0, 0, 0, 0, 0, 0, 0, 0, 0, 0, 0, 0, 0, 0, 0, 0, 0, 0, 0, 0, 0, 0, 0, 0, 0, 0, 0, 0, 0, 0, 0, 0, 0, 0, 0, 0, 0, 0, 0, 0, 0, 0, 0, 0, 0, 0, 0, 0, 0, 0, 0, 0, 0, 0, 0, 0, 0, 0, 0, 0, 0, 0, 0, 0, 0, 0, 0, 0, 0, 0, 0, 0, 0, 0, 0, 0, 0, 0, 0, 0, 0, 0, 0, 0, 0, 0, 0, 0, 0, 0, 0, 0, 0, 0, 0, 0, 0, 0, 0, 0, 0, 0, 0, 0, 0, 0, 0, 0, 0, 0, 0, 0, 0, 0, 0, 0, 0, 0, 0, 0, 0, 0, 0, 0, 0, 0, 0, 0, 0, 0, 0, 0, 0, 0, 0, 0, 0, 0, 0, 0, 0, 0, 0, 0, 0, 0, 0, 0, 0, 0, 0, 0, 0, 0, 0, 0, 0, 0, 0, 0]


