path: all/yuyin_8_1571.tt
path: all/yuyin_8_1571.tt
buckets_f: [{214, 32, 154, 67, 201}, {43, 72, 36, 254, 139, 178}, {137, 243, 9, 250, 255, 217, 79, 12, 96, 224, 85, 121, 5, 6, 28, 234, 19, 197, 159}, {129, 173, 20, 215, 248, 107, 120, 14, 212, 91, 23, 98, 30, 232, 205, 125, 7, 222, 119, 97, 11, 126, 13, 77, 177, 109, 52, 93, 136, 235, 94, 84, 34, 61, 8, 199, 209, 193, 114, 253, 71, 88, 219, 231}, {57, 191, 133, 127, 233, 195, 25, 176, 170, 37, 172, 10, 179, 245, 47, 239, 74, 15, 147, 89, 53, 92, 165, 185, 175, 73, 230, 69, 122, 111, 169, 38, 58, 16, 144, 128, 207, 192, 240, 51, 101, 229, 99, 156}, {196, 251, 18, 78, 27, 238, 110, 171, 200, 87, 116, 180, 221, 152, 226, 33, 216, 56, 50, 82, 228, 113, 145, 162, 62, 49, 164, 187, 174, 184, 4, 104, 167, 29, 161, 40, 1, 142, 103, 66, 151, 100, 203, 155}, {131, 198, 204, 223, 246, 48, 227, 149, 138, 80, 95, 143, 83, 134, 153, 150, 163, 21, 76, 124, 44, 252, 90, 186, 213, 54, 220, 117, 105, 118, 188, 182, 115, 249, 208, 63, 236, 202, 106, 3, 166, 102, 140, 218, 86, 112, 41, 64, 31, 60, 70, 181}, {59, 206, 189, 168, 2, 146, 190, 24, 210, 141, 135, 123, 81, 157, 244, 158, 247, 132, 225, 75, 130, 183, 241, 55, 242, 39, 148, 68}, {26, 42, 22, 35, 211, 160, 108}, {46, 194, 237, 65, 17, 45}, {0}]
buckets_g: [{67, 32, 214, 201, 154}, {36, 178, 72, 254, 43, 139}, {217, 79, 85, 6, 159, 250, 9, 224, 19, 255, 28, 12, 197, 137, 243, 234, 121, 5, 96}, {109, 120, 129, 7, 94, 88, 173, 222, 253, 91, 119, 14, 8, 193, 77, 231, 13, 97, 212, 126, 98, 248, 114, 125, 23, 93, 84, 199, 215, 232, 71, 235, 136, 61, 205, 20, 34, 30, 11, 219, 52, 107, 177, 209}, {53, 25, 229, 245, 133, 172, 156, 69, 111, 89, 192, 179, 147, 38, 47, 239, 185, 101, 240, 207, 51, 175, 73, 16, 233, 169, 99, 144, 57, 170, 74, 127, 191, 128, 15, 176, 230, 37, 195, 122, 58, 10, 92, 165}, {200, 27, 33, 161, 180, 167, 238, 87, 152, 142, 82, 251, 49, 40, 226, 103, 187, 145, 56, 100, 203, 78, 116, 155, 184, 228, 174, 1, 196, 110, 151, 18, 221, 66, 4, 29, 164, 50, 113, 104, 171, 162, 216, 62}, {166, 208, 188, 60, 249, 131, 124, 48, 143, 21, 41, 63, 3, 223, 64, 246, 181, 80, 182, 105, 149, 236, 163, 86, 204, 90, 102, 220, 117, 134, 186, 218, 198, 140, 31, 115, 112, 54, 213, 70, 118, 138, 44, 83, 227, 76, 252, 95, 150, 106, 202, 153}, {135, 39, 241, 81, 59, 141, 210, 183, 244, 132, 75, 123, 68, 206, 130, 242, 168, 225, 148, 158, 157, 190, 146, 24, 189, 247, 55, 2}, {22, 26, 108, 211, 42, 35, 160}, {194, 65, 45, 17, 237, 46}, {0}]
indices_f: [10, 5, 7, 6, 5, 2, 2, 3, 3, 2, 4, 3, 2, 3, 3, 4, 4, 9, 5, 2, 3, 6, 8, 3, 7, 4, 8, 5, 2, 5, 3, 6, 0, 5, 3, 8, 1, 4, 4, 7, 5, 6, 8, 1, 6, 9, 9, 4, 6, 5, 5, 4, 3, 4, 6, 7, 5, 4, 4, 7, 6, 3, 5, 6, 6, 9, 5, 0, 7, 4, 6, 3, 1, 4, 4, 7, 6, 3, 5, 2, 6, 7, 5, 6, 3, 2, 6, 5, 3, 4, 6, 3, 4, 3, 3, 6, 2, 3, 3, 4, 5, 4, 6, 5, 5, 6, 6, 3, 8, 3, 5, 4, 6, 5, 3, 6, 5, 6, 6, 3, 3, 2, 4, 7, 6, 3, 3, 4, 4, 3, 7, 6, 7, 4, 6, 7, 3, 2, 6, 1, 6, 7, 5, 6, 4, 5, 7, 4, 7, 6, 6, 5, 5, 6, 0, 5, 4, 7, 7, 2, 8, 5, 5, 6, 5, 4, 6, 5, 7, 4, 4, 5, 4, 3, 5, 4, 4, 3, 1, 4, 5, 6, 6, 7, 5, 4, 6, 5, 6, 7, 7, 4, 4, 3, 9, 4, 5, 2, 6, 3, 5, 0, 6, 5, 6, 3, 7, 4, 6, 3, 7, 8, 3, 6, 0, 3, 5, 2, 6, 3, 6, 5, 3, 6, 2, 7, 5, 6, 5, 4, 4, 3, 3, 4, 2, 3, 6, 9, 5, 4, 4, 7, 7, 2, 7, 4, 6, 7, 3, 6, 2, 5, 6, 3, 1, 2]
indices_g: [10, 5, 7, 6, 5, 2, 2, 3, 3, 2, 4, 3, 2, 3, 3, 4, 4, 9, 5, 2, 3, 6, 8, 3, 7, 4, 8, 5, 2, 5, 3, 6, 0, 5, 3, 8, 1, 4, 4, 7, 5, 6, 8, 1, 6, 9, 9, 4, 6, 5, 5, 4, 3, 4, 6, 7, 5, 4, 4, 7, 6, 3, 5, 6, 6, 9, 5, 0, 7, 4, 6, 3, 1, 4, 4, 7, 6, 3, 5, 2, 6, 7, 5, 6, 3, 2, 6, 5, 3, 4, 6, 3, 4, 3, 3, 6, 2, 3, 3, 4, 5, 4, 6, 5, 5, 6, 6, 3, 8, 3, 5, 4, 6, 5, 3, 6, 5, 6, 6, 3, 3, 2, 4, 7, 6, 3, 3, 4, 4, 3, 7, 6, 7, 4, 6, 7, 3, 2, 6, 1, 6, 7, 5, 6, 4, 5, 7, 4, 7, 6, 6, 5, 5, 6, 0, 5, 4, 7, 7, 2, 8, 5, 5, 6, 5, 4, 6, 5, 7, 4, 4, 5, 4, 3, 5, 4, 4, 3, 1, 4, 5, 6, 6, 7, 5, 4, 6, 5, 6, 7, 7, 4, 4, 3, 9, 4, 5, 2, 6, 3, 5, 0, 6, 5, 6, 3, 7, 4, 6, 3, 7, 8, 3, 6, 0, 3, 5, 2, 6, 3, 6, 5, 3, 6, 2, 7, 5, 6, 5, 4, 4, 3, 3, 4, 2, 3, 6, 9, 5, 4, 4, 7, 7, 2, 7, 4, 6, 7, 3, 6, 2, 5, 6, 3, 1, 2]
buckets are valid
L1: [0, 1, 2, 3, 4, 5, 6, 7, 8, 9, 10, 11, 12, 13, 14, 15, 16, 17, 18, 19, 20, 21, 22, 23, 24, 25, 26, 27, 28, 29, 30, 31, 32, 33, 34, 35, 36, 37, 38, 39, 40, 41, 42, 43, 44, 45, 46, 47, 48, 49, 50, 51, 52, 53, 54, 55, 56, 57, 58, 59, 60, 61, 62, 63, 64, 65, 66, 67, 68, 69, 70, 71, 72, 73, 74, 75, 76, 77, 78, 79, 80, 81, 82, 83, 84, 85, 86, 87, 88, 89, 90, 91, 92, 93, 94, 95, 96, 97, 98, 99, 100, 101, 102, 103, 104, 105, 106, 107, 108, 109, 110, 111, 112, 113, 114, 115, 116, 117, 118, 119, 120, 121, 122, 123, 124, 125, 126, 127, 128, 129, 130, 131, 132, 133, 134, 135, 136, 137, 138, 139, 140, 141, 142, 143, 144, 145, 146, 147, 148, 149, 150, 151, 152, 153, 154, 155, 156, 157, 158, 159, 160, 161, 162, 163, 164, 165, 166, 167, 168, 169, 170, 171, 172, 173, 174, 175, 176, 177, 178, 179, 180, 181, 182, 183, 184, 185, 186, 187, 188, 189, 190, 191, 192, 193, 194, 195, 196, 197, 198, 199, 200, 201, 202, 203, 204, 205, 206, 207, 208, 209, 210, 211, 212, 213, 214, 215, 216, 217, 218, 219, 220, 221, 222, 223, 224, 225, 226, 227, 228, 229, 230, 231, 232, 233, 234, 235, 236, 237, 238, 239, 240, 241, 242, 243, 244, 245, 246, 247, 248, 249, 250, 251, 252, 253, 254, 255]
L2: [0, 1, 2, 3, 4, 5, 6, 7, 8, 9, 10, 11, 12, 13, 14, 15, 16, 17, 18, 19, 20, 21, 22, 23, 24, 25, 26, 27, 28, 29, 30, 31, 32, 33, 34, 35, 36, 37, 38, 39, 40, 41, 42, 43, 44, 45, 46, 47, 48, 49, 50, 51, 52, 53, 54, 55, 56, 57, 58, 59, 60, 61, 62, 63, 64, 65, 66, 67, 68, 69, 70, 71, 72, 73, 74, 75, 76, 77, 78, 79, 80, 81, 82, 83, 84, 85, 86, 87, 88, 89, 90, 91, 92, 93, 94, 95, 96, 97, 98, 99, 100, 101, 102, 103, 104, 105, 106, 107, 108, 109, 110, 111, 112, 113, 114, 115, 116, 117, 118, 119, 120, 121, 122, 123, 124, 125, 126, 127, 128, 129, 130, 131, 132, 133, 134, 135, 136, 137, 138, 139, 140, 141, 142, 143, 144, 145, 146, 147, 148, 149, 150, 151, 152, 153, 154, 155, 156, 157, 158, 159, 160, 161, 162, 163, 164, 165, 166, 167, 168, 169, 170, 171, 172, 173, 174, 175, 176, 177, 178, 179, 180, 181, 182, 183, 184, 185, 186, 187, 188, 189, 190, 191, 192, 193, 194, 195, 196, 197, 198, 199, 200, 201, 202, 203, 204, 205, 206, 207, 208, 209, 210, 211, 212, 213, 214, 215, 216, 217, 218, 219, 220, 221, 222, 223, 224, 225, 226, 227, 228, 229, 230, 231, 232, 233, 234, 235, 236, 237, 238, 239, 240, 241, 242, 243, 244, 245, 246, 247, 248, 249, 250, 251, 252, 253, 254, 255]
A: [0, 0, 0, 0, 0, 0, 0, 0, 0, 0, 0, 0, 0, 0, 0, 0, 0, 0, 0, 0, 0, 0, 0, 0, 0, 0, 0, 0, 0, 0, 0, 0, 0, 0, 0, 0, 0, 0, 0, 0, 0, 0, 0, 0, 0, 0, 0, 0, 0, 0, 0, 0, 0, 0, 0, 0, 0, 0, 0, 0, 0, 0, 0, 0, 0, 0, 0, 0, 0, 0, 0, 0, 0, 0, 0, 0, 0, 0, 0, 0, 0, 0, 0, 0, 0, 0, 0, 0, 0, 0, 0, 0, 0, 0, 0, 0, 0, 0, 0, 0, 0, 0, 0, 0, 0, 0, 0, 0, 0, 0, 0, 0, 0, 0, 0, 0, 0, 0, 0, 0, 0, 0, 0, 0, 0, 0, 0, 0, 0, 0, 0, 0, 0, 0, 0, 0, 0, 0, 0, 0, 0, 0, 0, 0, 0, 0, 0, 0, 0, 0, 0, 0, 0, 0, 0, 0, 0, 0, 0, 0, 0, 0, 0, 0, 0, 0, 0, 0, 0, 0, 0, 0, 0, 0, 0, 0, 0, 0, 0, 0, 0, 0, 0, 0, 0, 0, 0, 0, 0, 0, 0, 0, 0, 0, 0, 0, 0, 0, 0, 0, 0, 0, 0, 0, 0, 0, 0, 0, 0, 0, 0, 0, 0, 0, 0, 0, 0, 0, 0, 0, 0, 0, 0, 0, 0, 0, 0, 0, 0, 0, 0, 0, 0, 0, 0, 0, 0, 0, 0, 0, 0, 0, 0, 0, 0, 0, 0, 0, 0, 0, 0, 0, 0, 0, 0, 0]


