path: all/yuyin2_3474.tt
path: all/yuyin2_3474.tt
buckets_f: [{205, 76}, {217, 199, 228, 175, 41, 154, 52, 253, 186, 192, 63, 196}, {93, 64, 155, 152, 141, 234, 252, 179, 94, 170, 226, 125, 114, 4, 130, 15, 81, 57, 194, 247, 169, 142}, {123, 91, 56, 51, 164, 239, 95, 227, 190, 172, 167, 140, 73, 124, 46, 207, 160, 42, 84, 24, 136, 14, 246, 132, 69, 146, 145, 250, 31, 19, 97, 254}, {17, 176, 148, 72, 68, 107, 216, 99, 25, 174, 50, 197, 21, 208, 3, 165, 75, 219, 187, 8, 79, 193, 113, 129, 212, 230, 44, 11, 121, 161, 243, 7, 147, 244, 184, 117, 26, 225, 180, 43, 53, 40, 36, 35, 134, 173, 82, 47}, {158, 115, 1, 66, 204, 236, 214, 203, 45, 128, 131, 38, 78, 213, 120, 116, 37, 195, 92, 27, 241, 168, 74, 232, 150, 139, 110, 242, 105, 231, 65, 83, 112, 2, 209, 10, 222, 249, 80, 6, 88, 55, 13, 28, 189, 149, 59, 210}, {90, 183, 202, 58, 144, 223, 71, 61, 238, 29, 62, 111, 18, 137, 126, 118, 86, 138, 198, 30, 39, 251, 89, 211, 54, 215, 133, 188, 159, 166, 22, 32, 108, 12, 100, 156, 49, 229, 233, 248, 96, 255, 201, 220, 151, 191, 237, 162}, {20, 163, 109, 102, 185, 101, 33, 245, 77, 182, 9, 153, 106, 177, 224, 200, 87, 16, 235, 221, 48, 218, 60, 70, 171, 98, 157, 135, 34, 23, 181, 178}, {103, 85, 67, 206, 104, 122}, {143, 127, 5, 119}, {240}, {0}]
buckets_g: [{205, 76}, {192, 52, 199, 196, 228, 63, 253, 175, 217, 41, 154, 186}, {141, 226, 94, 170, 155, 81, 4, 179, 252, 15, 125, 130, 152, 234, 247, 114, 64, 142, 57, 93, 169, 194}, {19, 227, 31, 69, 97, 250, 14, 145, 51, 132, 56, 207, 95, 246, 146, 239, 73, 136, 84, 42, 160, 24, 254, 123, 46, 190, 164, 124, 140, 172, 91, 167}, {121, 72, 47, 225, 21, 113, 117, 44, 43, 148, 3, 212, 82, 25, 26, 53, 68, 244, 35, 243, 147, 129, 216, 8, 208, 197, 50, 79, 17, 75, 180, 7, 187, 176, 161, 173, 230, 165, 36, 219, 174, 107, 11, 40, 134, 99, 193, 184}, {45, 74, 209, 66, 150, 38, 139, 149, 88, 195, 92, 37, 203, 6, 105, 27, 80, 110, 236, 131, 222, 128, 116, 83, 10, 232, 189, 65, 1, 204, 231, 213, 249, 168, 241, 13, 242, 78, 28, 55, 115, 2, 120, 158, 59, 210, 112, 214}, {255, 215, 22, 166, 126, 201, 251, 12, 156, 100, 202, 183, 223, 211, 238, 58, 39, 96, 248, 159, 32, 89, 62, 144, 71, 220, 61, 137, 162, 233, 133, 30, 49, 151, 188, 198, 86, 138, 29, 18, 191, 54, 118, 229, 108, 90, 111, 237}, {34, 245, 48, 224, 182, 200, 106, 157, 16, 181, 23, 60, 135, 177, 101, 221, 185, 20, 98, 171, 109, 178, 9, 102, 218, 87, 70, 77, 153, 163, 235, 33}, {103, 206, 67, 122, 104, 85}, {5, 143, 119, 127}, {240}, {0}]
indices_f: [11, 5, 5, 4, 2, 9, 5, 4, 4, 7, 5, 4, 6, 5, 3, 2, 7, 4, 6, 3, 7, 4, 6, 7, 3, 4, 4, 5, 5, 6, 6, 3, 6, 7, 7, 4, 4, 5, 5, 6, 4, 1, 3, 4, 4, 5, 3, 4, 7, 6, 4, 3, 1, 4, 6, 5, 3, 2, 6, 5, 7, 6, 6, 1, 2, 5, 5, 8, 4, 3, 7, 6, 4, 3, 5, 4, 0, 7, 5, 4, 5, 2, 4, 5, 3, 8, 6, 7, 5, 6, 6, 3, 5, 2, 2, 3, 6, 3, 7, 4, 6, 7, 7, 8, 8, 5, 7, 4, 6, 7, 5, 6, 5, 4, 2, 5, 5, 4, 6, 9, 5, 4, 8, 3, 3, 2, 6, 9, 5, 4, 2, 5, 3, 6, 4, 7, 3, 6, 6, 5, 3, 2, 2, 9, 6, 3, 3, 4, 4, 5, 5, 6, 2, 7, 1, 2, 6, 7, 5, 6, 3, 4, 6, 7, 3, 4, 6, 3, 5, 2, 2, 7, 3, 4, 4, 1, 4, 7, 7, 2, 4, 7, 7, 6, 4, 7, 1, 4, 6, 5, 3, 6, 1, 4, 2, 5, 1, 4, 6, 1, 7, 6, 6, 5, 5, 0, 8, 3, 4, 5, 5, 6, 4, 5, 5, 6, 4, 1, 7, 4, 6, 7, 5, 6, 7, 4, 2, 3, 1, 6, 4, 5, 5, 6, 2, 7, 5, 6, 6, 3, 10, 5, 5, 4, 4, 7, 3, 2, 6, 5, 3, 6, 2, 1, 3, 6]
indices_g: [11, 5, 5, 4, 2, 9, 5, 4, 4, 7, 5, 4, 6, 5, 3, 2, 7, 4, 6, 3, 7, 4, 6, 7, 3, 4, 4, 5, 5, 6, 6, 3, 6, 7, 7, 4, 4, 5, 5, 6, 4, 1, 3, 4, 4, 5, 3, 4, 7, 6, 4, 3, 1, 4, 6, 5, 3, 2, 6, 5, 7, 6, 6, 1, 2, 5, 5, 8, 4, 3, 7, 6, 4, 3, 5, 4, 0, 7, 5, 4, 5, 2, 4, 5, 3, 8, 6, 7, 5, 6, 6, 3, 5, 2, 2, 3, 6, 3, 7, 4, 6, 7, 7, 8, 8, 5, 7, 4, 6, 7, 5, 6, 5, 4, 2, 5, 5, 4, 6, 9, 5, 4, 8, 3, 3, 2, 6, 9, 5, 4, 2, 5, 3, 6, 4, 7, 3, 6, 6, 5, 3, 2, 2, 9, 6, 3, 3, 4, 4, 5, 5, 6, 2, 7, 1, 2, 6, 7, 5, 6, 3, 4, 6, 7, 3, 4, 6, 3, 5, 2, 2, 7, 3, 4, 4, 1, 4, 7, 7, 2, 4, 7, 7, 6, 4, 7, 1, 4, 6, 5, 3, 6, 1, 4, 2, 5, 1, 4, 6, 1, 7, 6, 6, 5, 5, 0, 8, 3, 4, 5, 5, 6, 4, 5, 5, 6, 4, 1, 7, 4, 6, 7, 5, 6, 7, 4, 2, 3, 1, 6, 4, 5, 5, 6, 2, 7, 5, 6, 6, 3, 10, 5, 5, 4, 4, 7, 3, 2, 6, 5, 3, 6, 2, 1, 3, 6]
buckets are valid
L1: [0, 1, 2, 3, 4, 5, 6, 7, 8, 9, 10, 11, 12, 13, 14, 15, 16, 17, 18, 19, 20, 21, 22, 23, 24, 25, 26, 27, 28, 29, 30, 31, 32, 33, 34, 35, 36, 37, 38, 39, 40, 41, 42, 43, 44, 45, 46, 47, 48, 49, 50, 51, 52, 53, 54, 55, 56, 57, 58, 59, 60, 61, 62, 63, 64, 65, 66, 67, 68, 69, 70, 71, 72, 73, 74, 75, 76, 77, 78, 79, 80, 81, 82, 83, 84, 85, 86, 87, 88, 89, 90, 91, 92, 93, 94, 95, 96, 97, 98, 99, 100, 101, 102, 103, 104, 105, 106, 107, 108, 109, 110, 111, 112, 113, 114, 115, 116, 117, 118, 119, 120, 121, 122, 123, 124, 125, 126, 127, 128, 129, 130, 131, 132, 133, 134, 135, 136, 137, 138, 139, 140, 141, 142, 143, 144, 145, 146, 147, 148, 149, 150, 151, 152, 153, 154, 155, 156, 157, 158, 159, 160, 161, 162, 163, 164, 165, 166, 167, 168, 169, 170, 171, 172, 173, 174, 175, 176, 177, 178, 179, 180, 181, 182, 183, 184, 185, 186, 187, 188, 189, 190, 191, 192, 193, 194, 195, 196, 197, 198, 199, 200, 201, 202, 203, 204, 205, 206, 207, 208, 209, 210, 211, 212, 213, 214, 215, 216, 217, 218, 219, 220, 221, 222, 223, 224, 225, 226, 227, 228, 229, 230, 231, 232, 233, 234, 235, 236, 237, 238, 239, 240, 241, 242, 243, 244, 245, 246, 247, 248, 249, 250, 251, 252, 253, 254, 255]
L2: [0, 1, 2, 3, 4, 5, 6, 7, 8, 9, 10, 11, 12, 13, 14, 15, 16, 17, 18, 19, 20, 21, 22, 23, 24, 25, 26, 27, 28, 29, 30, 31, 32, 33, 34, 35, 36, 37, 38, 39, 40, 41, 42, 43, 44, 45, 46, 47, 48, 49, 50, 51, 52, 53, 54, 55, 56, 57, 58, 59, 60, 61, 62, 63, 64, 65, 66, 67, 68, 69, 70, 71, 72, 73, 74, 75, 76, 77, 78, 79, 80, 81, 82, 83, 84, 85, 86, 87, 88, 89, 90, 91, 92, 93, 94, 95, 96, 97, 98, 99, 100, 101, 102, 103, 104, 105, 106, 107, 108, 109, 110, 111, 112, 113, 114, 115, 116, 117, 118, 119, 120, 121, 122, 123, 124, 125, 126, 127, 128, 129, 130, 131, 132, 133, 134, 135, 136, 137, 138, 139, 140, 141, 142, 143, 144, 145, 146, 147, 148, 149, 150, 151, 152, 153, 154, 155, 156, 157, 158, 159, 160, 161, 162, 163, 164, 165, 166, 167, 168, 169, 170, 171, 172, 173, 174, 175, 176, 177, 178, 179, 180, 181, 182, 183, 184, 185, 186, 187, 188, 189, 190, 191, 192, 193, 194, 195, 196, 197, 198, 199, 200, 201, 202, 203, 204, 205, 206, 207, 208, 209, 210, 211, 212, 213, 214, 215, 216, 217, 218, 219, 220, 221, 222, 223, 224, 225, 226, 227, 228, 229, 230, 231, 232, 233, 234, 235, 236, 237, 238, 239, 240, 241, 242, 243, 244, 245, 246, 247, 248, 249, 250, 251, 252, 253, 254, 255]
A: [0, 0, 0, 0, 0, 0, 0, 0, 0, 0, 0, 0, 0, 0, 0, 0, 0, 0, 0, 0, 0, 0, 0, 0, 0, 0, 0, 0, 0, 0, 0, 0, 0, 0, 0, 0, 0, 0, 0, 0, 0, 0, 0, 0, 0, 0, 0, 0, 0, 0, 0, 0, 0, 0, 0, 0, 0, 0, 0, 0, 0, 0, 0, 0, 0, 0, 0, 0, 0, 0, 0, 0, 0, 0, 0, 0, 0, 0, 0, 0, 0, 0, 0, 0, 0, 0, 0, 0, 0, 0, 0, 0, 0, 0, 0, 0, 0, 0, 0, 0, 0, 0, 0, 0, 0, 0, 0, 0, 0, 0, 0, 0, 0, 0, 0, 0, 0, 0, 0, 0, 0, 0, 0, 0, 0, 0, 0, 0, 0, 0, 0, 0, 0, 0, 0, 0, 0, 0, 0, 0, 0, 0, 0, 0, 0, 0, 0, 0, 0, 0, 0, 0, 0, 0, 0, 0, 0, 0, 0, 0, 0, 0, 0, 0, 0, 0, 0, 0, 0, 0, 0, 0, 0, 0, 0, 0, 0, 0, 0, 0, 0, 0, 0, 0, 0, 0, 0, 0, 0, 0, 0, 0, 0, 0, 0, 0, 0, 0, 0, 0, 0, 0, 0, 0, 0, 0, 0, 0, 0, 0, 0, 0, 0, 0, 0, 0, 0, 0, 0, 0, 0, 0, 0, 0, 0, 0, 0, 0, 0, 0, 0, 0, 0, 0, 0, 0, 0, 0, 0, 0, 0, 0, 0, 0, 0, 0, 0, 0, 0, 0, 0, 0, 0, 0, 0, 0]


