path: all/yuyin_8_5662.tt
path: all/yuyin_8_5662.tt
buckets_f: [{102}, {235, 105}, {133, 57, 56, 254, 106, 154, 129}, {12, 174, 26, 82, 90, 184, 100, 217, 9, 122, 45, 123, 44, 58, 131, 153, 63, 238, 252}, {214, 20, 38, 25, 116, 201, 140, 43, 178, 242, 192, 161, 246, 222, 88, 111, 39, 46, 228, 159, 219, 182, 224, 125, 81, 17, 7, 215, 186, 112, 117, 110, 229, 169, 165, 85, 61, 168, 16, 75, 251, 28, 98, 225, 35, 158}, {91, 180, 175, 194, 142, 51, 213, 162, 54, 19, 40, 203, 130, 50, 31, 30, 118, 114, 167, 76, 195, 221, 144, 166, 8, 206, 36, 134, 13, 209, 23, 230, 94, 64, 198, 170, 108, 199, 163, 176, 59, 253, 148, 143, 62, 41}, {151, 99, 107, 205, 160, 124, 218, 132, 52, 93, 155, 128, 80, 71, 11, 141, 121, 237, 47, 103, 204, 255, 173, 48, 193, 187, 2, 147, 70, 232, 190, 247, 24, 79, 29, 42, 10, 136, 74, 197, 243, 67, 172, 84, 223, 6}, {73, 83, 185, 86, 249, 96, 97, 27, 115, 104, 171, 177, 119, 101, 37, 95, 231, 181, 216, 241, 33, 244, 1, 5, 138, 156, 69, 208, 72, 139, 240, 227, 87, 109, 245, 22, 212, 207, 202, 18, 135, 4, 239, 65}, {183, 196, 49, 179, 146, 120, 21, 113, 53, 60, 15, 3, 78, 211, 150, 191, 210, 233, 89, 250, 236, 200, 14, 137, 34}, {68, 157, 226, 189, 127, 188, 220, 77, 126, 55, 32, 234, 149, 145, 152, 248}, {66, 164, 92}, {0}]
buckets_g: [{102}, {235, 105}, {57, 133, 56, 154, 106, 254, 129}, {90, 100, 26, 122, 63, 44, 123, 82, 9, 131, 58, 153, 217, 238, 45, 174, 252, 184, 12}, {35, 159, 25, 161, 140, 16, 242, 46, 117, 111, 201, 168, 39, 158, 17, 219, 165, 85, 81, 125, 116, 178, 192, 43, 215, 38, 228, 251, 61, 229, 169, 214, 224, 98, 7, 222, 112, 246, 186, 225, 182, 75, 20, 110, 88, 28}, {199, 195, 203, 59, 221, 41, 50, 114, 62, 64, 94, 166, 54, 51, 253, 134, 40, 144, 230, 206, 142, 198, 176, 194, 213, 180, 118, 36, 91, 148, 163, 13, 130, 31, 108, 30, 8, 143, 170, 19, 167, 23, 162, 175, 76, 209}, {160, 11, 93, 99, 47, 79, 172, 70, 67, 155, 24, 173, 197, 136, 255, 6, 147, 141, 193, 128, 2, 218, 121, 151, 204, 247, 84, 71, 10, 132, 42, 223, 48, 80, 187, 74, 103, 124, 205, 243, 190, 107, 232, 52, 237, 29}, {72, 208, 171, 202, 135, 1, 231, 177, 73, 115, 97, 119, 185, 33, 5, 18, 240, 22, 245, 212, 138, 109, 181, 104, 87, 101, 65, 27, 241, 86, 249, 4, 207, 96, 216, 139, 244, 227, 37, 83, 156, 95, 239, 69}, {183, 137, 89, 210, 53, 146, 211, 15, 60, 49, 34, 150, 250, 196, 236, 200, 3, 179, 14, 113, 191, 21, 120, 78, 233}, {248, 127, 145, 68, 189, 226, 234, 126, 152, 55, 188, 32, 149, 157, 77, 220}, {66, 92, 164}, {0}]
indices_f: [11, 7, 6, 8, 7, 7, 6, 4, 5, 3, 6, 6, 3, 5, 8, 8, 4, 4, 7, 5, 4, 8, 7, 5, 6, 4, 3, 7, 4, 6, 5, 5, 9, 7, 8, 4, 5, 7, 4, 4, 5, 5, 6, 4, 3, 3, 4, 6, 6, 8, 5, 5, 6, 8, 5, 9, 2, 2, 3, 5, 8, 4, 5, 3, 5, 7, 10, 6, 9, 7, 6, 6, 7, 7, 6, 4, 5, 9, 8, 6, 6, 4, 3, 7, 6, 4, 7, 7, 4, 8, 3, 5, 10, 6, 5, 7, 7, 7, 4, 6, 3, 7, 0, 6, 7, 1, 2, 6, 5, 7, 4, 4, 4, 8, 5, 7, 4, 4, 5, 7, 8, 6, 3, 3, 6, 4, 9, 9, 6, 2, 5, 3, 6, 2, 5, 7, 6, 8, 7, 7, 4, 6, 5, 5, 5, 9, 8, 6, 5, 9, 8, 6, 9, 3, 2, 6, 7, 9, 4, 4, 6, 4, 5, 5, 10, 4, 5, 5, 4, 4, 5, 7, 6, 6, 3, 5, 5, 7, 4, 8, 5, 7, 4, 8, 3, 7, 4, 6, 9, 9, 6, 8, 4, 6, 5, 5, 8, 6, 5, 5, 8, 4, 7, 5, 6, 6, 5, 7, 7, 5, 8, 8, 7, 5, 4, 4, 7, 3, 6, 4, 9, 5, 4, 6, 4, 4, 9, 7, 4, 4, 5, 7, 6, 8, 9, 1, 8, 6, 3, 7, 7, 7, 4, 6, 7, 7, 4, 6, 9, 7, 8, 4, 3, 5, 2, 6]
indices_g: [11, 7, 6, 8, 7, 7, 6, 4, 5, 3, 6, 6, 3, 5, 8, 8, 4, 4, 7, 5, 4, 8, 7, 5, 6, 4, 3, 7, 4, 6, 5, 5, 9, 7, 8, 4, 5, 7, 4, 4, 5, 5, 6, 4, 3, 3, 4, 6, 6, 8, 5, 5, 6, 8, 5, 9, 2, 2, 3, 5, 8, 4, 5, 3, 5, 7, 10, 6, 9, 7, 6, 6, 7, 7, 6, 4, 5, 9, 8, 6, 6, 4, 3, 7, 6, 4, 7, 7, 4, 8, 3, 5, 10, 6, 5, 7, 7, 7, 4, 6, 3, 7, 0, 6, 7, 1, 2, 6, 5, 7, 4, 4, 4, 8, 5, 7, 4, 4, 5, 7, 8, 6, 3, 3, 6, 4, 9, 9, 6, 2, 5, 3, 6, 2, 5, 7, 6, 8, 7, 7, 4, 6, 5, 5, 5, 9, 8, 6, 5, 9, 8, 6, 9, 3, 2, 6, 7, 9, 4, 4, 6, 4, 5, 5, 10, 4, 5, 5, 4, 4, 5, 7, 6, 6, 3, 5, 5, 7, 4, 8, 5, 7, 4, 8, 3, 7, 4, 6, 9, 9, 6, 8, 4, 6, 5, 5, 8, 6, 5, 5, 8, 4, 7, 5, 6, 6, 5, 7, 7, 5, 8, 8, 7, 5, 4, 4, 7, 3, 6, 4, 9, 5, 4, 6, 4, 4, 9, 7, 4, 4, 5, 7, 6, 8, 9, 1, 8, 6, 3, 7, 7, 7, 4, 6, 7, 7, 4, 6, 9, 7, 8, 4, 3, 5, 2, 6]
buckets are valid
L1: [0, 1, 2, 3, 4, 5, 6, 7, 8, 9, 10, 11, 12, 13, 14, 15, 16, 17, 18, 19, 20, 21, 22, 23, 24, 25, 26, 27, 28, 29, 30, 31, 32, 33, 34, 35, 36, 37, 38, 39, 40, 41, 42, 43, 44, 45, 46, 47, 48, 49, 50, 51, 52, 53, 54, 55, 56, 57, 58, 59, 60, 61, 62, 63, 64, 65, 66, 67, 68, 69, 70, 71, 72, 73, 74, 75, 76, 77, 78, 79, 80, 81, 82, 83, 84, 85, 86, 87, 88, 89, 90, 91, 92, 93, 94, 95, 96, 97, 98, 99, 100, 101, 102, 103, 104, 105, 106, 107, 108, 109, 110, 111, 112, 113, 114, 115, 116, 117, 118, 119, 120, 121, 122, 123, 124, 125, 126, 127, 128, 129, 130, 131, 132, 133, 134, 135, 136, 137, 138, 139, 140, 141, 142, 143, 144, 145, 146, 147, 148, 149, 150, 151, 152, 153, 154, 155, 156, 157, 158, 159, 160, 161, 162, 163, 164, 165, 166, 167, 168, 169, 170, 171, 172, 173, 174, 175, 176, 177, 178, 179, 180, 181, 182, 183, 184, 185, 186, 187, 188, 189, 190, 191, 192, 193, 194, 195, 196, 197, 198, 199, 200, 201, 202, 203, 204, 205, 206, 207, 208, 209, 210, 211, 212, 213, 214, 215, 216, 217, 218, 219, 220, 221, 222, 223, 224, 225, 226, 227, 228, 229, 230, 231, 232, 233, 234, 235, 236, 237, 238, 239, 240, 241, 242, 243, 244, 245, 246, 247, 248, 249, 250, 251, 252, 253, 254, 255]
L2: [0, 1, 2, 3, 4, 5, 6, 7, 8, 9, 10, 11, 12, 13, 14, 15, 16, 17, 18, 19, 20, 21, 22, 23, 24, 25, 26, 27, 28, 29, 30, 31, 32, 33, 34, 35, 36, 37, 38, 39, 40, 41, 42, 43, 44, 45, 46, 47, 48, 49, 50, 51, 52, 53, 54, 55, 56, 57, 58, 59, 60, 61, 62, 63, 64, 65, 66, 67, 68, 69, 70, 71, 72, 73, 74, 75, 76, 77, 78, 79, 80, 81, 82, 83, 84, 85, 86, 87, 88, 89, 90, 91, 92, 93, 94, 95, 96, 97, 98, 99, 100, 101, 102, 103, 104, 105, 106, 107, 108, 109, 110, 111, 112, 113, 114, 115, 116, 117, 118, 119, 120, 121, 122, 123, 124, 125, 126, 127, 128, 129, 130, 131, 132, 133, 134, 135, 136, 137, 138, 139, 140, 141, 142, 143, 144, 145, 146, 147, 148, 149, 150, 151, 152, 153, 154, 155, 156, 157, 158, 159, 160, 161, 162, 163, 164, 165, 166, 167, 168, 169, 170, 171, 172, 173, 174, 175, 176, 177, 178, 179, 180, 181, 182, 183, 184, 185, 186, 187, 188, 189, 190, 191, 192, 193, 194, 195, 196, 197, 198, 199, 200, 201, 202, 203, 204, 205, 206, 207, 208, 209, 210, 211, 212, 213, 214, 215, 216, 217, 218, 219, 220, 221, 222, 223, 224, 225, 226, 227, 228, 229, 230, 231, 232, 233, 234, 235, 236, 237, 238, 239, 240, 241, 242, 243, 244, 245, 246, 247, 248, 249, 250, 251, 252, 253, 254, 255]
A: [0, 0, 0, 0, 0, 0, 0, 0, 0, 0, 0, 0, 0, 0, 0, 0, 0, 0, 0, 0, 0, 0, 0, 0, 0, 0, 0, 0, 0, 0, 0, 0, 0, 0, 0, 0, 0, 0, 0, 0, 0, 0, 0, 0, 0, 0, 0, 0, 0, 0, 0, 0, 0, 0, 0, 0, 0, 0, 0, 0, 0, 0, 0, 0, 0, 0, 0, 0, 0, 0, 0, 0, 0, 0, 0, 0, 0, 0, 0, 0, 0, 0, 0, 0, 0, 0, 0, 0, 0, 0, 0, 0, 0, 0, 0, 0, 0, 0, 0, 0, 0, 0, 0, 0, 0, 0, 0, 0, 0, 0, 0, 0, 0, 0, 0, 0, 0, 0, 0, 0, 0, 0, 0, 0, 0, 0, 0, 0, 0, 0, 0, 0, 0, 0, 0, 0, 0, 0, 0, 0, 0, 0, 0, 0, 0, 0, 0, 0, 0, 0, 0, 0, 0, 0, 0, 0, 0, 0, 0, 0, 0, 0, 0, 0, 0, 0, 0, 0, 0, 0, 0, 0, 0, 0, 0, 0, 0, 0, 0, 0, 0, 0, 0, 0, 0, 0, 0, 0, 0, 0, 0, 0, 0, 0, 0, 0, 0, 0, 0, 0, 0, 0, 0, 0, 0, 0, 0, 0, 0, 0, 0, 0, 0, 0, 0, 0, 0, 0, 0, 0, 0, 0, 0, 0, 0, 0, 0, 0, 0, 0, 0, 0, 0, 0, 0, 0, 0, 0, 0, 0, 0, 0, 0, 0, 0, 0, 0, 0, 0, 0, 0, 0, 0, 0, 0, 0]


