path: all/yuyin_8_5255.tt
path: all/yuyin_8_5255.tt
buckets_f: [{53}, {146, 85, 163}, {112, 202, 121, 150, 97, 51, 34, 160, 103, 104, 86, 221, 60, 151, 78, 37, 176}, {46, 222, 157, 192, 57, 117, 249, 100, 209, 14, 33, 22, 8, 1, 7, 63, 77, 155, 217, 41, 31, 138, 241, 201, 254, 189, 130}, {3, 13, 219, 205, 177, 243, 118, 166, 4, 234, 43, 143, 72, 89, 183, 158, 184, 59, 58, 95, 229, 45, 137, 175, 228, 71, 210, 127}, {40, 225, 231, 172, 56, 240, 156, 107, 16, 187, 76, 131, 90, 178, 173, 25, 198, 39, 140, 239, 247, 48, 162, 164, 54, 93, 148, 66, 32, 98, 207, 165, 139, 170, 206, 47, 233, 99, 186, 106, 68, 248}, {135, 195, 237, 204, 28, 126, 35, 65, 211, 169, 12, 61, 153, 250, 26, 226, 227, 11, 252, 152, 80, 191, 36, 19, 50, 251, 5, 87, 64, 134, 197, 253, 81, 119, 182, 128, 129, 21, 212, 236, 2, 79}, {223, 49, 23, 246, 122, 83, 123, 38, 125, 238, 124, 9, 141, 215, 232, 180, 224, 30, 101, 133, 91, 208, 108, 84, 214, 188, 69, 75, 115, 114, 193, 116, 200, 6, 147, 181, 216, 230, 67, 92, 109, 55}, {213, 94, 111, 113, 242, 145, 52, 105, 18, 161, 44, 168, 235, 73, 120, 142, 144, 96, 203, 70, 196, 245, 88, 190, 10, 136, 194, 102, 42, 244, 220, 27, 29}, {171, 255, 179, 199, 74, 82, 154, 62, 132, 24, 17}, {185, 174, 218, 110, 167}, {149, 15}, {159, 20}, {0}]
buckets_g: [{53}, {146, 85, 163}, {150, 34, 176, 221, 112, 103, 160, 151, 51, 121, 202, 86, 37, 78, 97, 104, 60}, {130, 155, 7, 254, 57, 157, 63, 22, 14, 31, 241, 117, 201, 77, 138, 33, 217, 46, 222, 100, 8, 209, 192, 1, 189, 41, 249}, {183, 210, 184, 58, 43, 13, 205, 228, 72, 137, 45, 166, 158, 143, 127, 234, 175, 89, 229, 3, 95, 59, 219, 177, 118, 4, 71, 243}, {106, 90, 66, 48, 207, 170, 178, 40, 187, 247, 54, 165, 198, 32, 240, 162, 68, 93, 231, 47, 248, 206, 98, 225, 25, 186, 239, 56, 233, 76, 140, 99, 156, 16, 139, 164, 148, 131, 107, 173, 172, 39}, {191, 204, 26, 12, 251, 135, 253, 129, 236, 5, 65, 36, 87, 50, 80, 226, 79, 128, 250, 119, 182, 126, 212, 153, 28, 195, 21, 169, 35, 61, 19, 211, 227, 252, 134, 152, 237, 197, 11, 64, 81, 2}, {200, 84, 224, 115, 193, 92, 116, 83, 114, 125, 215, 124, 67, 223, 123, 238, 230, 9, 69, 208, 91, 180, 147, 55, 181, 6, 101, 30, 38, 232, 133, 23, 49, 75, 214, 188, 122, 246, 141, 109, 216, 108}, {29, 120, 105, 203, 142, 244, 44, 10, 27, 242, 88, 102, 52, 70, 136, 245, 94, 168, 145, 194, 73, 196, 213, 96, 18, 190, 220, 144, 113, 111, 42, 161, 235}, {199, 17, 179, 255, 132, 82, 154, 62, 24, 171, 74}, {110, 174, 185, 167, 218}, {15, 149}, {159, 20}, {0}]
indices_f: [13, 3, 6, 4, 4, 6, 7, 3, 3, 7, 8, 6, 6, 4, 3, 11, 5, 9, 8, 6, 12, 6, 3, 7, 9, 5, 6, 8, 6, 8, 7, 3, 5, 3, 2, 6, 6, 2, 7, 5, 5, 3, 8, 4, 8, 4, 3, 5, 5, 7, 6, 2, 8, 0, 5, 7, 5, 3, 4, 4, 2, 6, 9, 3, 6, 6, 5, 7, 5, 7, 8, 4, 4, 8, 9, 7, 5, 3, 2, 6, 6, 6, 9, 7, 7, 1, 2, 6, 8, 4, 5, 7, 7, 5, 8, 4, 8, 2, 5, 5, 3, 7, 8, 2, 2, 8, 5, 5, 7, 7, 10, 8, 2, 8, 7, 7, 7, 3, 4, 6, 8, 2, 7, 7, 7, 7, 6, 4, 6, 6, 3, 5, 9, 7, 6, 6, 8, 4, 3, 5, 5, 7, 8, 4, 8, 8, 1, 7, 5, 11, 2, 2, 6, 6, 9, 3, 5, 3, 4, 12, 2, 8, 5, 1, 5, 5, 4, 10, 8, 6, 5, 9, 5, 5, 10, 4, 2, 4, 5, 9, 7, 7, 6, 4, 4, 10, 5, 5, 7, 3, 8, 6, 3, 7, 8, 6, 8, 6, 5, 9, 7, 3, 2, 8, 6, 4, 5, 5, 7, 3, 4, 6, 6, 8, 7, 7, 7, 3, 10, 4, 8, 2, 3, 7, 7, 5, 6, 6, 4, 4, 7, 5, 7, 5, 4, 8, 6, 6, 7, 5, 5, 3, 8, 4, 8, 8, 7, 5, 5, 3, 6, 6, 6, 6, 3, 9]
indices_g: [13, 3, 6, 4, 4, 6, 7, 3, 3, 7, 8, 6, 6, 4, 3, 11, 5, 9, 8, 6, 12, 6, 3, 7, 9, 5, 6, 8, 6, 8, 7, 3, 5, 3, 2, 6, 6, 2, 7, 5, 5, 3, 8, 4, 8, 4, 3, 5, 5, 7, 6, 2, 8, 0, 5, 7, 5, 3, 4, 4, 2, 6, 9, 3, 6, 6, 5, 7, 5, 7, 8, 4, 4, 8, 9, 7, 5, 3, 2, 6, 6, 6, 9, 7, 7, 1, 2, 6, 8, 4, 5, 7, 7, 5, 8, 4, 8, 2, 5, 5, 3, 7, 8, 2, 2, 8, 5, 5, 7, 7, 10, 8, 2, 8, 7, 7, 7, 3, 4, 6, 8, 2, 7, 7, 7, 7, 6, 4, 6, 6, 3, 5, 9, 7, 6, 6, 8, 4, 3, 5, 5, 7, 8, 4, 8, 8, 1, 7, 5, 11, 2, 2, 6, 6, 9, 3, 5, 3, 4, 12, 2, 8, 5, 1, 5, 5, 4, 10, 8, 6, 5, 9, 5, 5, 10, 4, 2, 4, 5, 9, 7, 7, 6, 4, 4, 10, 5, 5, 7, 3, 8, 6, 3, 7, 8, 6, 8, 6, 5, 9, 7, 3, 2, 8, 6, 4, 5, 5, 7, 3, 4, 6, 6, 8, 7, 7, 7, 3, 10, 4, 8, 2, 3, 7, 7, 5, 6, 6, 4, 4, 7, 5, 7, 5, 4, 8, 6, 6, 7, 5, 5, 3, 8, 4, 8, 8, 7, 5, 5, 3, 6, 6, 6, 6, 3, 9]
buckets are valid
L1: [0, 1, 2, 3, 4, 5, 6, 7, 8, 9, 10, 11, 12, 13, 14, 15, 16, 17, 18, 19, 20, 21, 22, 23, 24, 25, 26, 27, 28, 29, 30, 31, 32, 33, 34, 35, 36, 37, 38, 39, 40, 41, 42, 43, 44, 45, 46, 47, 48, 49, 50, 51, 52, 53, 54, 55, 56, 57, 58, 59, 60, 61, 62, 63, 64, 65, 66, 67, 68, 69, 70, 71, 72, 73, 74, 75, 76, 77, 78, 79, 80, 81, 82, 83, 84, 85, 86, 87, 88, 89, 90, 91, 92, 93, 94, 95, 96, 97, 98, 99, 100, 101, 102, 103, 104, 105, 106, 107, 108, 109, 110, 111, 112, 113, 114, 115, 116, 117, 118, 119, 120, 121, 122, 123, 124, 125, 126, 127, 128, 129, 130, 131, 132, 133, 134, 135, 136, 137, 138, 139, 140, 141, 142, 143, 144, 145, 146, 147, 148, 149, 150, 151, 152, 153, 154, 155, 156, 157, 158, 159, 160, 161, 162, 163, 164, 165, 166, 167, 168, 169, 170, 171, 172, 173, 174, 175, 176, 177, 178, 179, 180, 181, 182, 183, 184, 185, 186, 187, 188, 189, 190, 191, 192, 193, 194, 195, 196, 197, 198, 199, 200, 201, 202, 203, 204, 205, 206, 207, 208, 209, 210, 211, 212, 213, 214, 215, 216, 217, 218, 219, 220, 221, 222, 223, 224, 225, 226, 227, 228, 229, 230, 231, 232, 233, 234, 235, 236, 237, 238, 239, 240, 241, 242, 243, 244, 245, 246, 247, 248, 249, 250, 251, 252, 253, 254, 255]
L2: [0, 1, 2, 3, 4, 5, 6, 7, 8, 9, 10, 11, 12, 13, 14, 15, 16, 17, 18, 19, 20, 21, 22, 23, 24, 25, 26, 27, 28, 29, 30, 31, 32, 33, 34, 35, 36, 37, 38, 39, 40, 41, 42, 43, 44, 45, 46, 47, 48, 49, 50, 51, 52, 53, 54, 55, 56, 57, 58, 59, 60, 61, 62, 63, 64, 65, 66, 67, 68, 69, 70, 71, 72, 73, 74, 75, 76, 77, 78, 79, 80, 81, 82, 83, 84, 85, 86, 87, 88, 89, 90, 91, 92, 93, 94, 95, 96, 97, 98, 99, 100, 101, 102, 103, 104, 105, 106, 107, 108, 109, 110, 111, 112, 113, 114, 115, 116, 117, 118, 119, 120, 121, 122, 123, 124, 125, 126, 127, 128, 129, 130, 131, 132, 133, 134, 135, 136, 137, 138, 139, 140, 141, 142, 143, 144, 145, 146, 147, 148, 149, 150, 151, 152, 153, 154, 155, 156, 157, 158, 159, 160, 161, 162, 163, 164, 165, 166, 167, 168, 169, 170, 171, 172, 173, 174, 175, 176, 177, 178, 179, 180, 181, 182, 183, 184, 185, 186, 187, 188, 189, 190, 191, 192, 193, 194, 195, 196, 197, 198, 199, 200, 201, 202, 203, 204, 205, 206, 207, 208, 209, 210, 211, 212, 213, 214, 215, 216, 217, 218, 219, 220, 221, 222, 223, 224, 225, 226, 227, 228, 229, 230, 231, 232, 233, 234, 235, 236, 237, 238, 239, 240, 241, 242, 243, 244, 245, 246, 247, 248, 249, 250, 251, 252, 253, 254, 255]
A: [0, 0, 0, 0, 0, 0, 0, 0, 0, 0, 0, 0, 0, 0, 0, 0, 0, 0, 0, 0, 0, 0, 0, 0, 0, 0, 0, 0, 0, 0, 0, 0, 0, 0, 0, 0, 0, 0, 0, 0, 0, 0, 0, 0, 0, 0, 0, 0, 0, 0, 0, 0, 0, 0, 0, 0, 0, 0, 0, 0, 0, 0, 0, 0, 0, 0, 0, 0, 0, 0, 0, 0, 0, 0, 0, 0, 0, 0, 0, 0, 0, 0, 0, 0, 0, 0, 0, 0, 0, 0, 0, 0, 0, 0, 0, 0, 0, 0, 0, 0, 0, 0, 0, 0, 0, 0, 0, 0, 0, 0, 0, 0, 0, 0, 0, 0, 0, 0, 0, 0, 0, 0, 0, 0, 0, 0, 0, 0, 0, 0, 0, 0, 0, 0, 0, 0, 0, 0, 0, 0, 0, 0, 0, 0, 0, 0, 0, 0, 0, 0, 0, 0, 0, 0, 0, 0, 0, 0, 0, 0, 0, 0, 0, 0, 0, 0, 0, 0, 0, 0, 0, 0, 0, 0, 0, 0, 0, 0, 0, 0, 0, 0, 0, 0, 0, 0, 0, 0, 0, 0, 0, 0, 0, 0, 0, 0, 0, 0, 0, 0, 0, 0, 0, 0, 0, 0, 0, 0, 0, 0, 0, 0, 0, 0, 0, 0, 0, 0, 0, 0, 0, 0, 0, 0, 0, 0, 0, 0, 0, 0, 0, 0, 0, 0, 0, 0, 0, 0, 0, 0, 0, 0, 0, 0, 0, 0, 0, 0, 0, 0, 0, 0, 0, 0, 0, 0]


