path: all/yuyin2_4770.tt
path: all/yuyin2_4770.tt
buckets_f: [{134, 152, 75}, {172, 121, 247, 192, 123, 78, 1, 99, 186, 44, 7, 117}, {138, 73, 33, 163, 28, 211, 213, 2, 57, 45, 219, 51, 179, 197, 201}, {145, 253, 90, 88, 17, 80, 208, 174, 111, 168, 184, 56, 141, 127, 113, 29, 231, 151, 164, 46, 243, 157, 109, 13, 176, 198, 74, 155, 23, 202, 239, 200, 196, 216, 241, 255, 133, 36, 11, 131}, {140, 240, 154, 148, 199, 193, 71, 63, 89, 191, 246, 217, 55, 232, 24, 132, 41, 96, 230, 205, 104, 61, 238, 250, 203, 37, 110, 20, 65, 171, 14, 183, 181, 165, 4, 81, 252, 124, 122, 118, 26, 43, 150, 102, 142, 39, 6, 223}, {64, 170, 135, 235, 149, 147, 42, 25, 105, 212, 194, 94, 249, 60, 58, 222, 166, 204, 129, 21, 38, 143, 188, 233, 160, 225, 19, 220, 180, 245, 9, 227, 52, 107, 32, 97, 178, 214, 31, 153, 15, 92, 251, 137, 206, 84, 159, 86}, {83, 126, 158, 228, 242, 254, 108, 93, 116, 234, 144, 69, 106, 128, 100, 195, 136, 114, 130, 207, 156, 187, 248, 226, 85, 30, 16, 175, 79, 8, 146, 161, 49, 244, 47, 59, 120, 10, 91, 18, 98, 67, 177, 35, 236, 173, 185, 221}, {139, 70, 115, 68, 229, 27, 162, 34, 103, 182, 62, 82, 48, 54, 5, 210, 3, 101, 125, 72, 190, 237, 40, 218}, {189, 95, 112, 12, 87, 77, 215, 209, 169, 53, 167, 224, 22}, {76, 66, 119, 50}, {0}]
buckets_g: [{134, 152, 75}, {1, 99, 123, 7, 186, 117, 121, 247, 44, 172, 192, 78}, {57, 28, 211, 197, 219, 213, 33, 2, 201, 51, 45, 163, 73, 179, 138}, {133, 90, 13, 74, 17, 56, 145, 231, 109, 239, 164, 157, 46, 151, 131, 141, 243, 29, 253, 184, 80, 155, 200, 88, 202, 36, 113, 216, 196, 208, 174, 241, 11, 127, 176, 23, 198, 168, 111, 255}, {199, 96, 37, 124, 24, 193, 142, 250, 81, 63, 61, 154, 20, 71, 238, 246, 140, 232, 55, 252, 39, 181, 183, 205, 223, 165, 148, 65, 118, 203, 191, 150, 122, 230, 240, 43, 171, 89, 4, 41, 26, 110, 217, 102, 6, 132, 14, 104}, {149, 194, 206, 170, 214, 135, 107, 21, 204, 180, 31, 94, 225, 19, 84, 15, 235, 137, 38, 249, 159, 9, 52, 25, 105, 178, 233, 129, 227, 251, 92, 42, 60, 166, 245, 188, 153, 58, 147, 97, 222, 86, 143, 32, 220, 212, 160, 64}, {221, 100, 59, 18, 35, 236, 226, 98, 130, 242, 69, 116, 187, 108, 93, 185, 173, 30, 47, 158, 83, 156, 16, 128, 106, 177, 136, 207, 126, 195, 146, 8, 49, 114, 85, 67, 254, 10, 120, 175, 244, 144, 248, 234, 91, 79, 161, 228}, {54, 229, 101, 162, 40, 3, 125, 48, 115, 70, 237, 210, 5, 82, 68, 62, 190, 182, 72, 218, 34, 139, 103, 27}, {169, 22, 95, 215, 53, 189, 167, 12, 209, 224, 87, 112, 77}, {50, 119, 66, 76}, {0}]
indices_f: [10, 1, 2, 7, 4, 7, 4, 1, 6, 5, 6, 3, 8, 3, 4, 5, 6, 3, 6, 5, 4, 5, 8, 3, 4, 5, 4, 7, 2, 3, 6, 5, 5, 2, 7, 6, 3, 4, 5, 4, 7, 4, 5, 4, 1, 2, 3, 6, 7, 6, 9, 2, 5, 8, 7, 4, 3, 2, 5, 6, 5, 4, 7, 4, 5, 4, 9, 6, 7, 6, 7, 4, 7, 2, 3, 0, 9, 8, 1, 6, 3, 4, 7, 6, 5, 6, 5, 8, 3, 4, 3, 6, 5, 6, 5, 8, 4, 5, 6, 1, 6, 7, 4, 7, 4, 5, 6, 5, 6, 3, 4, 3, 8, 3, 6, 7, 6, 1, 4, 9, 6, 1, 4, 1, 4, 7, 6, 3, 6, 5, 6, 3, 4, 3, 0, 5, 6, 5, 2, 7, 4, 3, 4, 5, 6, 3, 6, 5, 4, 5, 4, 3, 0, 5, 4, 3, 6, 3, 6, 5, 5, 6, 7, 2, 3, 4, 5, 8, 3, 8, 5, 4, 1, 6, 3, 6, 3, 6, 5, 2, 5, 4, 7, 4, 3, 6, 1, 6, 5, 8, 7, 4, 1, 4, 5, 6, 3, 2, 3, 4, 3, 2, 3, 4, 5, 4, 5, 6, 3, 8, 7, 2, 5, 2, 5, 8, 3, 4, 7, 2, 5, 6, 5, 4, 8, 5, 6, 5, 6, 7, 4, 3, 4, 5, 6, 5, 6, 7, 4, 3, 4, 3, 6, 3, 6, 5, 4, 1, 6, 5, 4, 5, 4, 3, 6, 3]
indices_g: [10, 1, 2, 7, 4, 7, 4, 1, 6, 5, 6, 3, 8, 3, 4, 5, 6, 3, 6, 5, 4, 5, 8, 3, 4, 5, 4, 7, 2, 3, 6, 5, 5, 2, 7, 6, 3, 4, 5, 4, 7, 4, 5, 4, 1, 2, 3, 6, 7, 6, 9, 2, 5, 8, 7, 4, 3, 2, 5, 6, 5, 4, 7, 4, 5, 4, 9, 6, 7, 6, 7, 4, 7, 2, 3, 0, 9, 8, 1, 6, 3, 4, 7, 6, 5, 6, 5, 8, 3, 4, 3, 6, 5, 6, 5, 8, 4, 5, 6, 1, 6, 7, 4, 7, 4, 5, 6, 5, 6, 3, 4, 3, 8, 3, 6, 7, 6, 1, 4, 9, 6, 1, 4, 1, 4, 7, 6, 3, 6, 5, 6, 3, 4, 3, 0, 5, 6, 5, 2, 7, 4, 3, 4, 5, 6, 3, 6, 5, 4, 5, 4, 3, 0, 5, 4, 3, 6, 3, 6, 5, 5, 6, 7, 2, 3, 4, 5, 8, 3, 8, 5, 4, 1, 6, 3, 6, 3, 6, 5, 2, 5, 4, 7, 4, 3, 6, 1, 6, 5, 8, 7, 4, 1, 4, 5, 6, 3, 2, 3, 4, 3, 2, 3, 4, 5, 4, 5, 6, 3, 8, 7, 2, 5, 2, 5, 8, 3, 4, 7, 2, 5, 6, 5, 4, 8, 5, 6, 5, 6, 7, 4, 3, 4, 5, 6, 5, 6, 7, 4, 3, 4, 3, 6, 3, 6, 5, 4, 1, 6, 5, 4, 5, 4, 3, 6, 3]
buckets are valid
L1: [0, 1, 2, 3, 4, 5, 6, 7, 8, 9, 10, 11, 12, 13, 14, 15, 16, 17, 18, 19, 20, 21, 22, 23, 24, 25, 26, 27, 28, 29, 30, 31, 32, 33, 34, 35, 36, 37, 38, 39, 40, 41, 42, 43, 44, 45, 46, 47, 48, 49, 50, 51, 52, 53, 54, 55, 56, 57, 58, 59, 60, 61, 62, 63, 64, 65, 66, 67, 68, 69, 70, 71, 72, 73, 74, 75, 76, 77, 78, 79, 80, 81, 82, 83, 84, 85, 86, 87, 88, 89, 90, 91, 92, 93, 94, 95, 96, 97, 98, 99, 100, 101, 102, 103, 104, 105, 106, 107, 108, 109, 110, 111, 112, 113, 114, 115, 116, 117, 118, 119, 120, 121, 122, 123, 124, 125, 126, 127, 128, 129, 130, 131, 132, 133, 134, 135, 136, 137, 138, 139, 140, 141, 142, 143, 144, 145, 146, 147, 148, 149, 150, 151, 152, 153, 154, 155, 156, 157, 158, 159, 160, 161, 162, 163, 164, 165, 166, 167, 168, 169, 170, 171, 172, 173, 174, 175, 176, 177, 178, 179, 180, 181, 182, 183, 184, 185, 186, 187, 188, 189, 190, 191, 192, 193, 194, 195, 196, 197, 198, 199, 200, 201, 202, 203, 204, 205, 206, 207, 208, 209, 210, 211, 212, 213, 214, 215, 216, 217, 218, 219, 220, 221, 222, 223, 224, 225, 226, 227, 228, 229, 230, 231, 232, 233, 234, 235, 236, 237, 238, 239, 240, 241, 242, 243, 244, 245, 246, 247, 248, 249, 250, 251, 252, 253, 254, 255]
L2: [0, 1, 2, 3, 4, 5, 6, 7, 8, 9, 10, 11, 12, 13, 14, 15, 16, 17, 18, 19, 20, 21, 22, 23, 24, 25, 26, 27, 28, 29, 30, 31, 32, 33, 34, 35, 36, 37, 38, 39, 40, 41, 42, 43, 44, 45, 46, 47, 48, 49, 50, 51, 52, 53, 54, 55, 56, 57, 58, 59, 60, 61, 62, 63, 64, 65, 66, 67, 68, 69, 70, 71, 72, 73, 74, 75, 76, 77, 78, 79, 80, 81, 82, 83, 84, 85, 86, 87, 88, 89, 90, 91, 92, 93, 94, 95, 96, 97, 98, 99, 100, 101, 102, 103, 104, 105, 106, 107, 108, 109, 110, 111, 112, 113, 114, 115, 116, 117, 118, 119, 120, 121, 122, 123, 124, 125, 126, 127, 128, 129, 130, 131, 132, 133, 134, 135, 136, 137, 138, 139, 140, 141, 142, 143, 144, 145, 146, 147, 148, 149, 150, 151, 152, 153, 154, 155, 156, 157, 158, 159, 160, 161, 162, 163, 164, 165, 166, 167, 168, 169, 170, 171, 172, 173, 174, 175, 176, 177, 178, 179, 180, 181, 182, 183, 184, 185, 186, 187, 188, 189, 190, 191, 192, 193, 194, 195, 196, 197, 198, 199, 200, 201, 202, 203, 204, 205, 206, 207, 208, 209, 210, 211, 212, 213, 214, 215, 216, 217, 218, 219, 220, 221, 222, 223, 224, 225, 226, 227, 228, 229, 230, 231, 232, 233, 234, 235, 236, 237, 238, 239, 240, 241, 242, 243, 244, 245, 246, 247, 248, 249, 250, 251, 252, 253, 254, 255]
A: [0, 0, 0, 0, 0, 0, 0, 0, 0, 0, 0, 0, 0, 0, 0, 0, 0, 0, 0, 0, 0, 0, 0, 0, 0, 0, 0, 0, 0, 0, 0, 0, 0, 0, 0, 0, 0, 0, 0, 0, 0, 0, 0, 0, 0, 0, 0, 0, 0, 0, 0, 0, 0, 0, 0, 0, 0, 0, 0, 0, 0, 0, 0, 0, 0, 0, 0, 0, 0, 0, 0, 0, 0, 0, 0, 0, 0, 0, 0, 0, 0, 0, 0, 0, 0, 0, 0, 0, 0, 0, 0, 0, 0, 0, 0, 0, 0, 0, 0, 0, 0, 0, 0, 0, 0, 0, 0, 0, 0, 0, 0, 0, 0, 0, 0, 0, 0, 0, 0, 0, 0, 0, 0, 0, 0, 0, 0, 0, 0, 0, 0, 0, 0, 0, 0, 0, 0, 0, 0, 0, 0, 0, 0, 0, 0, 0, 0, 0, 0, 0, 0, 0, 0, 0, 0, 0, 0, 0, 0, 0, 0, 0, 0, 0, 0, 0, 0, 0, 0, 0, 0, 0, 0, 0, 0, 0, 0, 0, 0, 0, 0, 0, 0, 0, 0, 0, 0, 0, 0, 0, 0, 0, 0, 0, 0, 0, 0, 0, 0, 0, 0, 0, 0, 0, 0, 0, 0, 0, 0, 0, 0, 0, 0, 0, 0, 0, 0, 0, 0, 0, 0, 0, 0, 0, 0, 0, 0, 0, 0, 0, 0, 0, 0, 0, 0, 0, 0, 0, 0, 0, 0, 0, 0, 0, 0, 0, 0, 0, 0, 0, 0, 0, 0, 0, 0, 0]


